Time,   1.0507
     1,  EL1,       MATR,  SH4:C,   0,     0.8453,    0.8453,   -0.9062, -3.110080e-05, -3.110080e-05, -7.442376e-04, -3.224834e-01, -3.224834e-01, -2.594512e+00,    -2.92,    0.707,  0.707, -0.020,     0.00,    0.014,  0.014,  1.000,     2.27,    0.707, -0.707,  0.000
     1,  EL1,       MATR,  SH4:C,   0,     0.8453,    0.8453,   -0.5385, -1.386548e-05, -1.386548e-05, -4.929282e-04, -3.101340e-01, -3.101340e-01, -3.693339e+00,    -4.01,    0.707,  0.707, -0.031,     0.00,    0.022,  0.022,  1.000,     3.38,    0.707, -0.707,  0.000
     1,  EL1,       MATR,  SH4:C,   0,     0.8453,    0.8453,    0.0000,  1.137364e-05,  1.137364e-05, -1.249149e-04,  4.733815e-01,  4.733815e-01, -1.742177e+00,    -1.31,   -0.696, -0.696,  0.174,     0.04,    0.123,  0.123,  0.985,     2.22,    0.707, -0.707,  0.000
     1,  EL1,       MATR,  SH4:C,   0,     0.8453,    0.8453,    0.5385,  3.661277e-05,  3.661277e-05,  2.430985e-04,  1.070467e+00,  1.070467e+00,  2.365890e+00,    -1.30,    0.707, -0.707, -0.000,    -0.01,   -0.033, -0.033,  0.999,     3.44,    0.706,  0.706,  0.047
     1,  EL1,       MATR,  SH4:C,   0,     0.8453,    0.8453,    0.9062,  5.384809e-05,  5.384809e-05,  4.944079e-04,  5.597653e-01,  5.597653e-01,  1.714318e+00,    -1.15,    0.707, -0.707, -0.000,    -0.00,   -0.018, -0.018,  1.000,     2.28,   -0.707, -0.707, -0.025
     1,  EL1,       MATR,  SH4:R,   0,     0.8453,    0.8453,    0.8000,  4.887123e-05,  9.774245e+00,  5.000000e+02,     0.00,    0.000,  1.000,  0.000,     0.00,    0.000,  0.000,  1.000,     9.77,    1.000,  0.000,  0.000
     1,  EL1,       MATR,  SH4:R,   0,     0.8453,    0.8453,    0.8000,  4.887123e-05,  9.774245e+00,  5.000000e+02,     0.00,    0.000,  0.000,  1.000,     0.00,    1.000,  0.000,  0.000,     9.77,    0.000,  1.000,  0.000
     1,  EL1,       MATR,  SH4:R,   0,     0.8453,    0.8453,   -0.8000, -2.612394e-05, -5.224789e+00,  5.000000e+02,    -5.22,    1.000,  0.000,  0.000,     0.00,    0.000,  1.000,  0.000,     0.00,    0.000,  0.000,  1.000
     1,  EL1,       MATR,  SH4:R,   0,     0.8453,    0.8453,   -0.8000, -2.612394e-05, -5.224789e+00,  5.000000e+02,    -5.22,    0.000,  1.000,  0.000,    -0.00,    1.000,  0.000,  0.000,     0.00,    0.000,  0.000,  1.000
     1,  EL1,       MATR,  SH4:Z,   0,     0.8453,    0.8453,    0.0000,  8.793187e-02,  8.793187e-02, -2.293753e-01,  9.321500e-03,  9.321500e-03,  3.885507e-02,  2.614448e-02,  2.614448e-02,  0.2500,   1.0000,  0.0000, -0.0000, -0.0000,  1.0000, -0.0000
     1,  EL1,       MATR,  SH4:C,   5,     0.8453,    3.1547,   -0.9062,  2.948903e-04, -3.110080e-05, -4.182465e-04,  5.850882e-01,  5.583522e-02, -3.468481e-01,    -0.12,   -0.443, -0.896,  0.012,    -0.00,    0.027, -0.000,  1.000,     0.76,    0.896, -0.443, -0.024
     1,  EL1,       MATR,  SH4:C,   5,     0.8453,    3.1547,   -0.5385,  1.983977e-04, -1.386548e-05, -2.806650e-04,  1.908656e+00,  2.511481e-01, -1.101622e+00,    -0.30,   -0.446, -0.895,  0.021,    -0.00,    0.042,  0.002,  0.999,     2.46,    0.894, -0.446, -0.037
     1,  EL1,       MATR,  SH4:C,   5,     0.8453,    3.1547,    0.0000,  5.709565e-05,  1.137364e-05, -7.919284e-05,  1.968432e+00,  7.544258e-01, -1.054433e+00,    -0.04,    0.095, -0.069,  0.993,     0.14,   -0.502, -0.865, -0.012,     2.61,    0.860, -0.497, -0.117
     1,  EL1,       MATR,  SH4:C,   5,     0.8453,    3.1547,    0.5385, -8.420643e-05,  3.661277e-05,  1.222793e-04, -2.797136e+00,  7.196802e-01,  1.777749e+00,    -3.57,    0.918, -0.384,  0.093,     0.03,   -0.098,  0.007,  0.995,     1.46,   -0.383, -0.923, -0.032
     1,  EL1,       MATR,  SH4:C,   5,     0.8453,    3.1547,    0.9062, -1.806990e-04,  5.384809e-05,  2.598608e-04, -5.802916e+00,  6.047541e-01,  3.549313e+00,    -7.39,    0.913, -0.406,  0.043,     0.01,   -0.046,  0.002,  0.999,     2.18,   -0.406, -0.914, -0.017
     1,  EL1,       MATR,  SH4:R,   5,     0.8453,    3.1547,    0.8000, -1.528358e-04, -3.056717e+01,  5.000000e+02,   -30.57,    1.000,  0.000,  0.000,     0.00,    0.000,  1.000,  0.000,     0.00,    0.000,  0.000,  1.000
     1,  EL1,       MATR,  SH4:R,   5,     0.8453,    3.1547,    0.8000,  4.887123e-05,  9.774245e+00,  5.000000e+02,     0.00,    0.000,  0.000,  1.000,     0.00,    1.000,  0.000,  0.000,     9.77,    0.000,  1.000,  0.000
     1,  EL1,       MATR,  SH4:R,   5,     0.8453,    3.1547,   -0.8000,  2.670271e-04,  5.340543e+01,  5.000000e+02,     0.00,    0.000,  1.000,  0.000,     0.00,    0.000,  0.000,  1.000,    53.41,    1.000,  0.000,  0.000
     1,  EL1,       MATR,  SH4:R,   5,     0.8453,    3.1547,   -0.8000, -2.612394e-05, -5.224789e+00,  5.000000e+02,    -5.22,    0.000,  1.000,  0.000,    -0.00,    1.000,  0.000,  0.000,     0.00,    0.000,  0.000,  1.000
     1,  EL1,       MATR,  SH4:Z,   5,     0.8453,    3.1547,    0.0000, -5.094993e-02,  1.330475e-01,  6.031358e-02, -4.511242e-02,  4.530407e-03,  2.466548e-02, -4.952083e-02,  2.911876e-02,  0.2500,   1.0000,  0.0000, -0.0000, -0.0000,  1.0000, -0.0000
     1,  EL1,       MATR,  SH4:C,  10,     3.1547,    0.8453,   -0.9062, -3.110080e-05,  2.948903e-04, -4.182465e-04,  5.583522e-02,  5.850882e-01, -3.468481e-01,    -0.12,    0.896,  0.443, -0.012,    -0.00,   -0.000,  0.027,  1.000,     0.76,    0.443, -0.896,  0.024
     1,  EL1,       MATR,  SH4:C,  10,     3.1547,    0.8453,   -0.5385, -1.386548e-05,  1.983977e-04, -2.806650e-04,  2.511481e-01,  1.908656e+00, -1.101622e+00,    -0.30,    0.895,  0.446, -0.021,    -0.00,    0.002,  0.042,  0.999,     2.46,    0.446, -0.894,  0.037
     1,  EL1,       MATR,  SH4:C,  10,     3.1547,    0.8453,    0.0000,  1.137364e-05,  5.709565e-05, -7.919284e-05,  7.544258e-01,  1.968432e+00, -1.054433e+00,    -0.04,   -0.069,  0.095,  0.993,     0.14,    0.865,  0.502,  0.012,     2.61,    0.497, -0.860,  0.117
     1,  EL1,       MATR,  SH4:C,  10,     3.1547,    0.8453,    0.5385,  3.661277e-05, -8.420643e-05,  1.222793e-04,  7.196802e-01, -2.797136e+00,  1.777749e+00,    -3.57,    0.384, -0.918, -0.093,     0.03,    0.007, -0.098,  0.995,     1.46,    0.923,  0.383,  0.032
     1,  EL1,       MATR,  SH4:C,  10,     3.1547,    0.8453,    0.9062,  5.384809e-05, -1.806990e-04,  2.598608e-04,  6.047541e-01, -5.802916e+00,  3.549313e+00,    -7.39,    0.406, -0.913, -0.043,     0.01,    0.002, -0.046,  0.999,     2.18,    0.914,  0.406,  0.017
     1,  EL1,       MATR,  SH4:R,  10,     3.1547,    0.8453,    0.8000,  4.887123e-05,  9.774245e+00,  5.000000e+02,     0.00,    0.000,  1.000,  0.000,     0.00,    0.000,  0.000,  1.000,     9.77,    1.000,  0.000,  0.000
     1,  EL1,       MATR,  SH4:R,  10,     3.1547,    0.8453,    0.8000, -1.528358e-04, -3.056717e+01,  5.000000e+02,   -30.57,    0.000,  1.000,  0.000,    -0.00,    1.000,  0.000,  0.000,     0.00,    0.000,  0.000,  1.000
     1,  EL1,       MATR,  SH4:R,  10,     3.1547,    0.8453,   -0.8000, -2.612394e-05, -5.224789e+00,  5.000000e+02,    -5.22,    1.000,  0.000,  0.000,     0.00,    0.000,  1.000,  0.000,     0.00,    0.000,  0.000,  1.000
     1,  EL1,       MATR,  SH4:R,  10,     3.1547,    0.8453,   -0.8000,  2.670271e-04,  5.340543e+01,  5.000000e+02,     0.00,    0.000,  0.000,  1.000,     0.00,    1.000,  0.000,  0.000,    53.41,    0.000,  1.000,  0.000
     1,  EL1,       MATR,  SH4:Z,  10,     3.1547,    0.8453,    0.0000,  1.330475e-01, -5.094993e-02,  6.031358e-02,  4.530407e-03, -4.511242e-02,  2.466548e-02,  2.911876e-02, -4.952083e-02,  0.2500,   1.0000,  0.0000, -0.0000, -0.0000,  1.0000, -0.0000
     1,  EL1,       MATR,  SH4:C,  15,     3.1547,    3.1547,   -0.9062,  2.948903e-04,  2.948903e-04, -9.225548e-05,  4.393122e-01,  4.393122e-01, -4.927970e-02,    -0.00,    0.025,  0.025,  0.999,     0.39,   -0.707, -0.707,  0.035,     0.49,    0.707, -0.707,  0.000
     1,  EL1,       MATR,  SH4:C,  15,     3.1547,    3.1547,   -0.5385,  1.983977e-04,  1.983977e-04, -6.840179e-05,  1.855218e+00,  1.855218e+00, -2.160969e-01,    -0.01,    0.038,  0.038,  0.999,     1.64,   -0.706, -0.706,  0.053,     2.07,    0.707, -0.707,  0.000
     1,  EL1,       MATR,  SH4:C,  15,     3.1547,    3.1547,    0.0000,  5.709565e-05,  5.709565e-05, -3.347083e-05,  2.234655e+00,  2.234655e+00, -4.385449e-01,    -0.07,    0.137,  0.137,  0.981,     1.87,   -0.694, -0.694,  0.193,     2.67,    0.707, -0.707,  0.000
     1,  EL1,       MATR,  SH4:C,  15,     3.1547,    3.1547,    0.5385, -8.420643e-05, -8.420643e-05,  1.460120e-06, -3.814404e+00, -3.814404e+00,  2.049553e-02,    -3.84,    0.703,  0.703,  0.111,    -3.83,    0.707, -0.707,  0.000,     0.05,   -0.078, -0.078,  0.994
     1,  EL1,       MATR,  SH4:C,  15,     3.1547,    3.1547,    0.9062, -1.806990e-04, -1.806990e-04,  2.531381e-05, -8.154240e+00, -8.154240e+00,  3.798757e-01,    -8.53,    0.707, -0.707, -0.000,    -7.80,   -0.706, -0.706, -0.055,     0.02,   -0.039, -0.039,  0.999
     1,  EL1,       MATR,  SH4:R,  15,     3.1547,    3.1547,    0.8000, -1.528358e-04, -3.056717e+01,  5.000000e+02,   -30.57,    1.000,  0.000,  0.000,     0.00,    0.000,  1.000,  0.000,     0.00,    0.000,  0.000,  1.000
     1,  EL1,       MATR,  SH4:R,  15,     3.1547,    3.1547,    0.8000, -1.528358e-04, -3.056717e+01,  5.000000e+02,   -30.57,    0.000,  1.000,  0.000,    -0.00,    1.000,  0.000,  0.000,     0.00,    0.000,  0.000,  1.000
     1,  EL1,       MATR,  SH4:R,  15,     3.1547,    3.1547,   -0.8000,  2.670271e-04,  5.340543e+01,  5.000000e+02,     0.00,    0.000,  1.000,  0.000,     0.00,    0.000,  0.000,  1.000,    53.41,    1.000,  0.000,  0.000
     1,  EL1,       MATR,  SH4:R,  15,     3.1547,    3.1547,   -0.8000,  2.670271e-04,  5.340543e+01,  5.000000e+02,     0.00,    0.000,  0.000,  1.000,     0.00,    1.000,  0.000,  0.000,    53.41,    0.000,  1.000,  0.000
     1,  EL1,       MATR,  SH4:Z,  15,     3.1547,    3.1547,    0.0000, -1.700311e-01, -1.700311e-01, -3.309708e-02, -5.639261e-02, -5.639261e-02,  2.392425e-03, -4.956894e-02, -4.956894e-02,  0.2500,   1.0000,  0.0000, -0.0000, -0.0000,  1.0000, -0.0000
