Time   1.0507
El      1     SH4                                     EL1                                    MATR             RCSHELL      1      3      9      7           5      4
    0.8453    0.8453    0.0000 -0.906 C  -3.1101e-05  -3.1101e-05  -7.4424e-04  -3.2248e-01  -3.2248e-01  -2.5945e+00   7.7138e-01   8.1547e-03    -2.92   -0.707 -0.707  0.020     0.00    0.014  0.014  1.000     2.27   -0.707  0.707 -0.000
    0.8453    0.8453    0.0000 -0.538 C  -1.3865e-05  -1.3865e-05  -4.9293e-04  -3.1013e-01  -3.1013e-01  -3.6933e+00   5.0682e-01   4.4615e-03    -4.01   -0.707 -0.707  0.031     0.00    0.022  0.022  1.000     3.38   -0.707  0.707 -0.000
    0.8453    0.8453    0.0000  0.000 C   1.1374e-05   1.1374e-05  -1.2491e-04   4.7338e-01   4.7338e-01  -1.7422e+00   8.3021e-02   5.5961e-03    -1.31    0.696  0.696 -0.174     0.04    0.123  0.123  0.985     2.22   -0.707  0.707 -0.000
    0.8453    0.8453    0.0000  0.538 C   3.6613e-05   3.6613e-05   2.4310e-04   1.0705e+00   1.0705e+00   2.3659e+00   3.5574e-01  -1.2604e-03    -1.30   -0.707  0.707  0.000    -0.01   -0.033 -0.033  0.999     3.44   -0.706 -0.706 -0.047
    0.8453    0.8453    0.0000  0.906 C   5.3848e-05   5.3848e-05   4.9441e-04   5.5977e-01   5.5977e-01   1.7143e+00   7.7096e-01  -1.1413e-03    -1.15   -0.707  0.707  0.000    -0.00   -0.018 -0.018  1.000     2.28   -0.707 -0.707 -0.025
    0.8453    0.8453    0.0000  0.800 R   9.7742e+00   0.0000e+00   0.0000e+00   0.0000e+00   0.0000e+00   0.0000e+00                               0.00    0.000  1.000  0.000     0.00    0.000  0.000  1.000     9.77    1.000  0.000  0.000
    0.8453    0.8453    0.0000  0.800 R   3.6648e-32   9.7742e+00   0.0000e+00   0.0000e+00   0.0000e+00   5.9850e-16                               0.00   -1.000  0.000  0.000     0.00    0.000  0.000  1.000     9.77    0.000  1.000  0.000
    0.8453    0.8453    0.0000 -0.800 R  -5.2248e+00   0.0000e+00   0.0000e+00   0.0000e+00   0.0000e+00   0.0000e+00                              -5.22    1.000  0.000  0.000     0.00    0.000  1.000  0.000     0.00    0.000  0.000  1.000
    0.8453    0.8453    0.0000 -0.800 R  -1.9590e-32  -5.2248e+00   0.0000e+00   0.0000e+00   0.0000e+00  -3.1993e-16                              -5.22    0.000  1.000  0.000     0.00   -1.000  0.000  0.000     0.00    0.000  0.000  1.000
    0.8453    0.8453    0.0000        Z   8.7932e-02   8.7932e-02  -2.2938e-01  -9.3215e-03  -9.3215e-03  -3.8855e-02   2.6144e-02   2.6144e-02     1.0000  0.0000 -0.0000  -0.0000  1.0000 -0.0000
    0.8453    3.1547    0.0000 -0.906 C   2.9489e-04  -3.1101e-05  -4.1825e-04   5.8509e-01   5.5835e-02  -3.4685e-01   9.4717e-01   3.7909e-02    -0.12    0.443  0.896 -0.012    -0.00    0.027 -0.000  1.000     0.76   -0.896  0.443  0.024
    0.8453    3.1547    0.0000 -0.538 C   1.9840e-04  -1.3865e-05  -2.8066e-04   1.9087e+00   2.5115e-01  -1.1016e+00   7.4285e-01   9.1809e-03    -0.30    0.446  0.895 -0.021    -0.00    0.042  0.002  0.999     2.46   -0.894  0.446  0.037
    0.8453    3.1547    0.0000  0.000 C   5.7096e-05   1.1374e-05  -7.9193e-05   1.9684e+00   7.5443e-01  -1.0544e+00   1.2482e-01   5.8633e-03    -0.04    0.095 -0.069  0.993     0.14    0.502  0.865  0.012     2.61   -0.860  0.497  0.117
    0.8453    3.1547    0.0000  0.538 C  -8.4206e-05   3.6613e-05   1.2228e-04  -2.7971e+00   7.1968e-01   1.7777e+00   3.7554e-02  -1.2758e-03    -3.57   -0.918  0.384 -0.093     0.03   -0.098  0.007  0.995     1.46    0.383  0.923  0.032
    0.8453    3.1547    0.0000  0.906 C  -1.8070e-04   5.3848e-05   2.5986e-04  -5.8029e+00   6.0475e-01   3.5493e+00   9.7053e-02  -2.8949e-04    -7.39   -0.913  0.406 -0.043     0.01   -0.046  0.002  0.999     2.18    0.406  0.914  0.017
    0.8453    3.1547    0.0000  0.800 R  -3.0567e+01   0.0000e+00   0.0000e+00   0.0000e+00   0.0000e+00   0.0000e+00                             -30.57    1.000  0.000  0.000     0.00    0.000  1.000  0.000     0.00    0.000  0.000  1.000
    0.8453    3.1547    0.0000  0.800 R   3.6648e-32   9.7742e+00   0.0000e+00   0.0000e+00   0.0000e+00   5.9850e-16                              -0.00   -1.000  0.000  0.000     0.00    0.000  0.000  1.000     9.77    0.000  1.000  0.000
    0.8453    3.1547    0.0000 -0.800 R   5.3405e+01   0.0000e+00   0.0000e+00   0.0000e+00   0.0000e+00   0.0000e+00                               0.00    0.000  1.000  0.000     0.00    0.000  0.000  1.000    53.41    1.000  0.000  0.000
    0.8453    3.1547    0.0000 -0.800 R  -1.9590e-32  -5.2248e+00   0.0000e+00   0.0000e+00   0.0000e+00  -3.1993e-16                              -5.22    0.000  1.000  0.000     0.00   -1.000  0.000  0.000     0.00    0.000  0.000  1.000
    0.8453    3.1547    0.0000        Z  -5.0950e-02   1.3305e-01   6.0314e-02   4.5112e-02  -4.5304e-03  -2.4665e-02  -4.9521e-02   2.9119e-02     1.0000  0.0000 -0.0000  -0.0000  1.0000 -0.0000
    3.1547    0.8453    0.0000 -0.906 C  -3.1101e-05   2.9489e-04  -4.1825e-04   5.5835e-02   5.8509e-01  -3.4685e-01   9.4717e-01   3.7909e-02    -0.12    0.896  0.443 -0.012    -0.00   -0.000  0.027  1.000     0.76   -0.443  0.896 -0.024
    3.1547    0.8453    0.0000 -0.538 C  -1.3865e-05   1.9840e-04  -2.8066e-04   2.5115e-01   1.9087e+00  -1.1016e+00   7.4285e-01   9.1809e-03    -0.30    0.895  0.446 -0.021    -0.00    0.002  0.042  0.999     2.46   -0.446  0.894 -0.037
    3.1547    0.8453    0.0000  0.000 C   1.1374e-05   5.7096e-05  -7.9193e-05   7.5443e-01   1.9684e+00  -1.0544e+00   1.2482e-01   5.8633e-03    -0.04   -0.069  0.095  0.993     0.14    0.865  0.502  0.012     2.61   -0.497  0.860 -0.117
    3.1547    0.8453    0.0000  0.538 C   3.6613e-05  -8.4206e-05   1.2228e-04   7.1968e-01  -2.7971e+00   1.7777e+00   3.7554e-02  -1.2758e-03    -3.57    0.384 -0.918 -0.093     0.03    0.007 -0.098  0.995     1.46   -0.923 -0.383 -0.032
    3.1547    0.8453    0.0000  0.906 C   5.3848e-05  -1.8070e-04   2.5986e-04   6.0475e-01  -5.8029e+00   3.5493e+00   9.7053e-02  -2.8949e-04    -7.39    0.406 -0.913 -0.043     0.01    0.002 -0.046  0.999     2.18   -0.914 -0.406 -0.017
    3.1547    0.8453    0.0000  0.800 R   9.7742e+00   0.0000e+00   0.0000e+00   0.0000e+00   0.0000e+00   0.0000e+00                               0.00    0.000  1.000  0.000     0.00    0.000  0.000  1.000     9.77    1.000  0.000  0.000
    3.1547    0.8453    0.0000  0.800 R  -1.1461e-31  -3.0567e+01   0.0000e+00   0.0000e+00   0.0000e+00  -1.8717e-15                             -30.57    0.000  1.000  0.000     0.00   -1.000  0.000  0.000     0.00    0.000  0.000  1.000
    3.1547    0.8453    0.0000 -0.800 R  -5.2248e+00   0.0000e+00   0.0000e+00   0.0000e+00   0.0000e+00   0.0000e+00                              -5.22    1.000  0.000  0.000     0.00    0.000  1.000  0.000     0.00    0.000  0.000  1.000
    3.1547    0.8453    0.0000 -0.800 R   2.0024e-31   5.3405e+01   0.0000e+00   0.0000e+00   0.0000e+00   3.2701e-15                               0.00   -1.000  0.000  0.000     0.00    0.000  0.000  1.000    53.41    0.000  1.000  0.000
    3.1547    0.8453    0.0000        Z   1.3305e-01  -5.0950e-02   6.0314e-02  -4.5304e-03   4.5112e-02  -2.4665e-02   2.9119e-02  -4.9521e-02     1.0000  0.0000 -0.0000  -0.0000  1.0000 -0.0000
    3.1547    3.1547    0.0000 -0.906 C   2.9489e-04   2.9489e-04  -9.2255e-05   4.3931e-01   4.3931e-01  -4.9280e-02   9.6780e-01   9.6826e-02    -0.00    0.025  0.025  0.999     0.39    0.707  0.707 -0.035     0.49   -0.707  0.707 -0.000
    3.1547    3.1547    0.0000 -0.538 C   1.9840e-04   1.9840e-04  -6.8402e-05   1.8552e+00   1.8552e+00  -2.1610e-01   7.9464e-01   1.7129e-02    -0.01    0.038  0.038  0.999     1.64    0.706  0.706 -0.053     2.07   -0.707  0.707 -0.000
    3.1547    3.1547    0.0000  0.000 C   5.7096e-05   5.7096e-05  -3.3471e-05   2.2347e+00   2.2347e+00  -4.3854e-01   1.3886e-01   5.9590e-03    -0.07    0.137  0.137  0.981     1.87    0.694  0.694 -0.193     2.67   -0.707  0.707 -0.000
    3.1547    3.1547    0.0000  0.538 C  -8.4206e-05  -8.4206e-05   1.4601e-06  -3.8144e+00  -3.8144e+00   2.0496e-02   1.4661e-03  -7.0579e-02    -3.84   -0.703 -0.703 -0.111    -3.83   -0.707  0.707 -0.000     0.05   -0.078 -0.078  0.994
    3.1547    3.1547    0.0000  0.906 C  -1.8070e-04  -1.8070e-04   2.5314e-05  -8.1542e+00  -8.1542e+00   3.7988e-01   5.6164e-03  -2.2201e-03    -8.53   -0.707  0.707  0.000    -7.80    0.706  0.706  0.055     0.02   -0.039 -0.039  0.999
    3.1547    3.1547    0.0000  0.800 R  -3.0567e+01   0.0000e+00   0.0000e+00   0.0000e+00   0.0000e+00   0.0000e+00                             -30.57    1.000  0.000  0.000     0.00    0.000  1.000  0.000     0.00    0.000  0.000  1.000
    3.1547    3.1547    0.0000  0.800 R  -1.1461e-31  -3.0567e+01   0.0000e+00   0.0000e+00   0.0000e+00  -1.8717e-15                             -30.57    0.000  1.000  0.000     0.00   -1.000  0.000  0.000     0.00    0.000  0.000  1.000
    3.1547    3.1547    0.0000 -0.800 R   5.3405e+01   0.0000e+00   0.0000e+00   0.0000e+00   0.0000e+00   0.0000e+00                               0.00    0.000  1.000  0.000     0.00    0.000  0.000  1.000    53.41    1.000  0.000  0.000
    3.1547    3.1547    0.0000 -0.800 R   2.0024e-31   5.3405e+01   0.0000e+00   0.0000e+00   0.0000e+00   3.2701e-15                               0.00   -1.000  0.000  0.000     0.00    0.000  0.000  1.000    53.41    0.000  1.000  0.000
    3.1547    3.1547    0.0000        Z  -1.7003e-01  -1.7003e-01  -3.3097e-02   5.6393e-02   5.6393e-02  -2.3924e-03  -4.9569e-02  -4.9569e-02     1.0000  0.0000 -0.0000  -0.0000  1.0000 -0.0000
