Time   1.0000
El      1   SB3                                   PROP1      0      2      1
   0.2500   0.0833   4.8649e-06   1.4634e-05  -6.3227e-04   1.7261e-04   3.4574e-04  -5.6026e-03   4.7187e-03  -5.1535e-03
   0.3500   0.0500  -1.2118e-05  -3.9637e-06  -6.2613e-04  -2.8601e-04  -1.4150e-04  -5.5482e-03   4.7187e-03  -5.1535e-03
   0.2500   0.1500   9.2780e-06   2.5982e-05  -6.4071e-04   3.2065e-04   6.1669e-04  -5.6774e-03   4.7187e-03  -5.1535e-03
   0.1500   0.0500   1.9326e-05   1.6210e-05  -6.3748e-04   4.9994e-04   4.4472e-04  -5.6488e-03   4.7187e-03  -5.1535e-03
El      2   SB3                                   PROP1      1      2     19
   0.4167   0.2500   2.7539e-05   3.7949e-05  -5.7723e-04   7.7820e-04   9.6268e-04  -5.1149e-03  -3.4782e-03  -3.1061e-03
   0.4500   0.1500   2.5709e-05   3.6861e-05  -5.6974e-04   7.3284e-04   9.3047e-04  -5.0486e-03  -3.4782e-03  -3.1061e-03
   0.4500   0.3500   4.0857e-05   4.0739e-05  -5.6209e-04   1.0856e-03   1.0835e-03  -4.9807e-03  -3.4782e-03  -3.1061e-03
   0.3500   0.2500   1.9880e-05   3.4970e-05  -5.9233e-04   5.9534e-04   8.6277e-04  -5.2487e-03  -3.4782e-03  -3.1061e-03
El      3   SB3                                   PROP1     19     17      1
   0.2500   0.4167   3.7949e-05   2.7539e-05  -5.7723e-04   9.6268e-04   7.7820e-04  -5.1149e-03  -3.1061e-03  -3.4782e-03
   0.1500   0.4500   3.6861e-05   2.5709e-05  -5.6974e-04   9.3047e-04   7.3284e-04  -5.0486e-03  -3.1061e-03  -3.4782e-03
   0.2500   0.3500   3.4970e-05   1.9880e-05  -5.9233e-04   8.6277e-04   5.9534e-04  -5.2487e-03  -3.1061e-03  -3.4782e-03
   0.3500   0.4500   4.0739e-05   4.0857e-05  -5.6209e-04   1.0835e-03   1.0856e-03  -4.9807e-03  -3.1061e-03  -3.4782e-03
El      4   SB3                                   PROP1     17      0      1
   0.0833   0.2500   1.4634e-05   4.8649e-06  -6.3227e-04   3.4574e-04   1.7261e-04  -5.6026e-03  -5.1535e-03   4.7187e-03
   0.0500   0.1500   1.6210e-05   1.9326e-05  -6.3748e-04   4.4472e-04   4.9994e-04  -5.6488e-03  -5.1535e-03   4.7187e-03
   0.1500   0.2500   2.5982e-05   9.2780e-06  -6.4071e-04   6.1669e-04   3.2065e-04  -5.6774e-03  -5.1535e-03   4.7187e-03
   0.0500   0.3500  -3.9637e-06  -1.2118e-05  -6.2613e-04  -1.4150e-04  -2.8601e-04  -5.5482e-03  -5.1535e-03   4.7187e-03
El      5   SB3                                   PROP1      2      4      3
   0.7500   0.0833   7.1980e-06   1.6161e-05  -4.9990e-04   2.3106e-04   3.8990e-04  -4.4297e-03   1.9891e-03  -1.2534e-02
   0.8500   0.0500  -4.9785e-06  -8.5152e-06  -4.8916e-04  -1.4801e-04  -2.1069e-04  -4.3345e-03   1.9891e-03  -1.2534e-02
   0.7500   0.1500   1.7931e-05   4.3761e-05  -5.0064e-04   5.9112e-04   1.0489e-03  -4.4362e-03   1.9891e-03  -1.2534e-02
   0.6500   0.0500   1.3241e-05  -5.6272e-07  -5.1676e-04   2.9084e-04   4.6200e-05  -4.5790e-03   1.9891e-03  -1.2534e-02
El      6   SB3                                   PROP1      3      4     21
   0.9167   0.2500   4.4514e-05   6.3277e-05  -4.1613e-04   1.2665e-03   1.5990e-03  -3.6873e-03  -1.9533e-03  -3.5798e-03
   0.9500   0.1500   3.9423e-05   5.7809e-05  -4.1010e-04   1.1295e-03   1.4553e-03  -3.6339e-03  -1.9533e-03  -3.5798e-03
   0.9500   0.3500   5.6057e-05   6.9701e-05  -4.0580e-04   1.5506e-03   1.7924e-03  -3.5958e-03  -1.9533e-03  -3.5798e-03
   0.8500   0.2500   4.0213e-05   6.1604e-05  -4.2932e-04   1.1638e-03   1.5429e-03  -3.8043e-03  -1.9533e-03  -3.5798e-03
El      7   SB3                                   PROP1     21     19      3
   0.7500   0.4167   7.6251e-05   8.7141e-05  -4.6299e-04   2.0753e-03   2.2683e-03  -4.1026e-03  -3.4217e-04  -1.0859e-02
   0.6500   0.4500   8.1518e-05   1.0393e-04  -4.7000e-04   2.2663e-03   2.6634e-03  -4.1648e-03  -3.4217e-04  -1.0859e-02
   0.7500   0.3500   6.6952e-05   6.3230e-05  -4.6786e-04   1.7633e-03   1.6974e-03  -4.1458e-03  -3.4217e-04  -1.0859e-02
   0.8500   0.4500   7.6297e-05   1.0622e-04  -4.4609e-04   2.1608e-03   2.6912e-03  -3.9529e-03  -3.4217e-04  -1.0859e-02
El      8   SB3                                   PROP1     19      2      3
   0.5833   0.2500   3.8294e-05   4.0666e-05  -5.4295e-04   1.0285e-03   1.0705e-03  -4.8111e-03  -3.6287e-03  -2.2840e-03
   0.5500   0.1500   2.7047e-05   3.5519e-05  -5.5155e-04   7.5653e-04   9.0668e-04  -4.8874e-03  -3.6287e-03  -2.2840e-03
   0.6500   0.2500   4.6285e-05   4.3773e-05  -5.3506e-04   1.2193e-03   1.1748e-03  -4.7412e-03  -3.6287e-03  -2.2840e-03
   0.5500   0.3500   3.7556e-05   4.4036e-05  -5.4356e-04   1.0271e-03   1.1419e-03  -4.8166e-03  -3.6287e-03  -2.2840e-03
El      9   SB3                                   PROP1      4      6      5
   1.2500   0.0833   6.6119e-06   2.5222e-05  -3.1246e-04   2.5822e-04   5.8802e-04  -2.7687e-03   8.6184e-04  -1.5510e-02
   1.3500   0.0500  -1.1326e-06  -2.1153e-06  -2.9671e-04  -3.4463e-05  -5.1877e-05  -2.6292e-03   8.6184e-04  -1.5510e-02
   1.2500   0.1500   1.9893e-05   5.9374e-05  -3.1278e-04   7.0376e-04   1.4034e-03  -2.7715e-03   8.6184e-04  -1.5510e-02
   1.1500   0.0500   6.7671e-06   1.3297e-06  -3.3086e-04   1.5580e-04   5.9439e-05  -2.9318e-03   8.6184e-04  -1.5510e-02
El     10   SB3                                   PROP1      5      6     23
   1.4167   0.2500   5.0623e-05   7.7611e-05  -2.2410e-04   1.4653e-03   1.9436e-03  -1.9858e-03  -7.2314e-04  -4.6260e-03
   1.4500   0.1500   4.1285e-05   6.8174e-05  -2.1685e-04   1.2166e-03   1.6932e-03  -1.9216e-03  -7.2314e-04  -4.6260e-03
   1.4500   0.3500   6.2351e-05   8.7402e-05  -2.1526e-04   1.7685e-03   2.2125e-03  -1.9074e-03  -7.2314e-04  -4.6260e-03
   1.3500   0.2500   4.9031e-05   7.6992e-05  -2.3896e-04   1.4273e-03   1.9228e-03  -2.1175e-03  -7.2314e-04  -4.6260e-03
El     11   SB3                                   PROP1     23     21      5
   1.2500   0.4167   9.1842e-05   1.1669e-04  -2.9179e-04   2.5516e-03   2.9919e-03  -2.5856e-03   7.2033e-05  -1.3834e-02
   1.1500   0.4500   9.7891e-05   1.3942e-04  -3.0385e-04   2.7863e-03   3.5223e-03  -2.6925e-03   7.2033e-05  -1.3834e-02
   1.2500   0.3500   7.9995e-05   8.6227e-05  -2.9441e-04   2.1541e-03   2.2646e-03  -2.6088e-03   7.2033e-05  -1.3834e-02
   1.3500   0.4500   9.2563e-05   1.3965e-04  -2.7339e-04   2.6693e-03   3.5038e-03  -2.4225e-03   7.2033e-05  -1.3834e-02
El     12   SB3                                   PROP1     21      4      5
   1.0833   0.2500   4.7190e-05   6.4941e-05  -3.8168e-04   1.3331e-03   1.6477e-03  -3.3821e-03  -2.3985e-03  -3.4203e-03
   1.0500   0.1500   3.5362e-05   5.7958e-05  -3.9120e-04   1.0402e-03   1.4406e-03  -3.4665e-03  -2.3985e-03  -3.4203e-03
   1.1500   0.2500   5.2472e-05   6.6995e-05  -3.6988e-04   1.4592e-03   1.7166e-03  -3.2776e-03  -2.3985e-03  -3.4203e-03
   1.0500   0.3500   5.1096e-05   7.0750e-05  -3.8592e-04   1.4454e-03   1.7937e-03  -3.4197e-03  -2.3985e-03  -3.4203e-03
El     13   SB3                                   PROP1      6      8      7
   1.7500   0.0833   7.2084e-06   2.9450e-05  -1.0600e-04   2.9016e-04   6.8433e-04  -9.3928e-04   3.1002e-04  -1.6657e-02
   1.8500   0.0500   1.7385e-06   1.3176e-06  -8.8103e-05   4.4350e-05   3.6891e-05  -7.8069e-04   3.1002e-04  -1.6657e-02
   1.7500   0.1500   2.1473e-05   6.6129e-05  -1.0614e-04   7.6867e-04   1.5601e-03  -9.4055e-04   3.1002e-04  -1.6657e-02
   1.6500   0.0500   4.5273e-06   2.5627e-06  -1.2478e-04   1.1165e-04   7.6829e-05  -1.1057e-03   3.1002e-04  -1.6657e-02
El     14   SB3                                   PROP1      7      8     25
   1.9167   0.2500   5.2464e-05   8.2582e-05  -1.8865e-05   1.5281e-03   2.0619e-03  -1.6716e-04   3.3854e-04  -4.9533e-03
   1.9500   0.1500   4.0714e-05   7.1418e-05  -1.0909e-05   1.2184e-03   1.7625e-03  -9.6670e-05   3.3854e-04  -4.9533e-03
   1.9500   0.3500   6.3096e-05   9.3580e-05  -1.1655e-05   1.8124e-03   2.3526e-03  -1.0328e-04   3.3854e-04  -4.9533e-03
   1.8500   0.2500   5.3209e-05   8.2872e-05  -3.3883e-05   1.5459e-03   2.0716e-03  -3.0024e-04   3.3854e-04  -4.9533e-03
El     15   SB3                                   PROP1     25     23      7
   1.7500   0.4167   9.7492e-05   1.3089e-04  -9.9247e-05   2.7396e-03   3.3315e-03  -8.7944e-04   5.3808e-05  -1.4982e-02
   1.6500   0.4500   1.0218e-04   1.5565e-04  -1.1464e-04   2.9532e-03   3.9009e-03  -1.0159e-03   5.3808e-05  -1.4982e-02
   1.7500   0.3500   8.4662e-05   9.7900e-05  -1.0011e-04   2.3092e-03   2.5439e-03  -8.8709e-04   5.3808e-05  -1.4982e-02
   1.8500   0.4500   1.0013e-04   1.5561e-04  -8.1652e-05   2.9077e-03   3.8909e-03  -7.2353e-04   5.3808e-05  -1.4982e-02
El     16   SB3                                   PROP1     23      6      7
   1.5833   0.2500   5.1595e-05   7.8399e-05  -1.8702e-04   1.4903e-03   1.9654e-03  -1.6572e-03  -1.3368e-03  -4.5234e-03
   1.5500   0.1500   3.9144e-05   6.8169e-05  -1.9570e-04   1.1692e-03   1.6836e-03  -1.7341e-03  -1.3368e-03  -4.5234e-03
   1.6500   0.2500   5.4539e-05   7.9544e-05  -1.7306e-04   1.5606e-03   2.0038e-03  -1.5335e-03  -1.3368e-03  -4.5234e-03
   1.5500   0.3500   5.9631e-05   8.7975e-05  -1.9276e-04   1.7108e-03   2.2131e-03  -1.7081e-03  -1.3368e-03  -4.5234e-03
El     17   SB3                                   PROP1      8     10      9
   2.2500   0.0833   7.2084e-06   2.9450e-05   1.0600e-04   2.9016e-04   6.8433e-04   9.3928e-04  -3.1002e-04  -1.6657e-02
   2.3500   0.0500   4.5273e-06   2.5627e-06   1.2478e-04   1.1165e-04   7.6829e-05   1.1057e-03  -3.1002e-04  -1.6657e-02
   2.2500   0.1500   2.1473e-05   6.6129e-05   1.0614e-04   7.6867e-04   1.5601e-03   9.4055e-04  -3.1002e-04  -1.6657e-02
   2.1500   0.0500   1.7385e-06   1.3176e-06   8.8103e-05   4.4350e-05   3.6891e-05   7.8069e-04  -3.1002e-04  -1.6657e-02
El     18   SB3                                   PROP1      9     10     27
   2.4167   0.2500   5.1595e-05   7.8399e-05   1.8702e-04   1.4903e-03   1.9654e-03   1.6572e-03   1.3368e-03  -4.5234e-03
   2.4500   0.1500   3.9144e-05   6.8169e-05   1.9570e-04   1.1692e-03   1.6836e-03   1.7341e-03   1.3368e-03  -4.5234e-03
   2.4500   0.3500   5.9631e-05   8.7975e-05   1.9276e-04   1.7108e-03   2.2131e-03   1.7081e-03   1.3368e-03  -4.5234e-03
   2.3500   0.2500   5.4539e-05   7.9544e-05   1.7306e-04   1.5606e-03   2.0038e-03   1.5335e-03   1.3368e-03  -4.5234e-03
El     19   SB3                                   PROP1     27     25      9
   2.2500   0.4167   9.7492e-05   1.3089e-04   9.9247e-05   2.7396e-03   3.3315e-03   8.7944e-04  -5.3808e-05  -1.4982e-02
   2.1500   0.4500   1.0013e-04   1.5561e-04   8.1652e-05   2.9077e-03   3.8909e-03   7.2353e-04  -5.3808e-05  -1.4982e-02
   2.2500   0.3500   8.4662e-05   9.7900e-05   1.0011e-04   2.3092e-03   2.5439e-03   8.8709e-04  -5.3808e-05  -1.4982e-02
   2.3500   0.4500   1.0218e-04   1.5565e-04   1.1464e-04   2.9532e-03   3.9009e-03   1.0159e-03  -5.3808e-05  -1.4982e-02
El     20   SB3                                   PROP1     25      8      9
   2.0833   0.2500   5.2464e-05   8.2582e-05   1.8865e-05   1.5281e-03   2.0619e-03   1.6716e-04  -3.3854e-04  -4.9533e-03
   2.0500   0.1500   4.0714e-05   7.1418e-05   1.0909e-05   1.2184e-03   1.7625e-03   9.6670e-05  -3.3854e-04  -4.9533e-03
   2.1500   0.2500   5.3209e-05   8.2872e-05   3.3883e-05   1.5459e-03   2.0716e-03   3.0024e-04  -3.3854e-04  -4.9533e-03
   2.0500   0.3500   6.3096e-05   9.3580e-05   1.1655e-05   1.8124e-03   2.3526e-03   1.0328e-04  -3.3854e-04  -4.9533e-03
El     21   SB3                                   PROP1     10     12     11
   2.7500   0.0833   6.6119e-06   2.5222e-05   3.1246e-04   2.5822e-04   5.8802e-04   2.7687e-03  -8.6184e-04  -1.5510e-02
   2.8500   0.0500   6.7671e-06   1.3297e-06   3.3086e-04   1.5580e-04   5.9439e-05   2.9318e-03  -8.6184e-04  -1.5510e-02
   2.7500   0.1500   1.9893e-05   5.9374e-05   3.1278e-04   7.0376e-04   1.4034e-03   2.7715e-03  -8.6184e-04  -1.5510e-02
   2.6500   0.0500  -1.1326e-06  -2.1153e-06   2.9671e-04  -3.4463e-05  -5.1877e-05   2.6292e-03  -8.6184e-04  -1.5510e-02
El     22   SB3                                   PROP1     11     12     29
   2.9167   0.2500   4.7190e-05   6.4941e-05   3.8168e-04   1.3331e-03   1.6477e-03   3.3821e-03   2.3985e-03  -3.4203e-03
   2.9500   0.1500   3.5362e-05   5.7958e-05   3.9120e-04   1.0402e-03   1.4406e-03   3.4665e-03   2.3985e-03  -3.4203e-03
   2.9500   0.3500   5.1096e-05   7.0750e-05   3.8592e-04   1.4454e-03   1.7937e-03   3.4197e-03   2.3985e-03  -3.4203e-03
   2.8500   0.2500   5.2472e-05   6.6995e-05   3.6988e-04   1.4592e-03   1.7166e-03   3.2776e-03   2.3985e-03  -3.4203e-03
El     23   SB3                                   PROP1     29     27     11
   2.7500   0.4167   9.1842e-05   1.1669e-04   2.9179e-04   2.5516e-03   2.9919e-03   2.5856e-03  -7.2033e-05  -1.3834e-02
   2.6500   0.4500   9.2563e-05   1.3965e-04   2.7339e-04   2.6693e-03   3.5038e-03   2.4225e-03  -7.2033e-05  -1.3834e-02
   2.7500   0.3500   7.9995e-05   8.6227e-05   2.9441e-04   2.1541e-03   2.2646e-03   2.6088e-03  -7.2033e-05  -1.3834e-02
   2.8500   0.4500   9.7891e-05   1.3942e-04   3.0385e-04   2.7863e-03   3.5223e-03   2.6925e-03  -7.2033e-05  -1.3834e-02
El     24   SB3                                   PROP1     27     10     11
   2.5833   0.2500   5.0623e-05   7.7611e-05   2.2410e-04   1.4653e-03   1.9436e-03   1.9858e-03   7.2314e-04  -4.6260e-03
   2.5500   0.1500   4.1285e-05   6.8174e-05   2.1685e-04   1.2166e-03   1.6932e-03   1.9216e-03   7.2314e-04  -4.6260e-03
   2.6500   0.2500   4.9031e-05   7.6992e-05   2.3896e-04   1.4273e-03   1.9228e-03   2.1175e-03   7.2314e-04  -4.6260e-03
   2.5500   0.3500   6.2351e-05   8.7402e-05   2.1526e-04   1.7685e-03   2.2125e-03   1.9074e-03   7.2314e-04  -4.6260e-03
El     25   SB3                                   PROP1     12     14     13
   3.2500   0.0833   7.1980e-06   1.6161e-05   4.9990e-04   2.3106e-04   3.8990e-04   4.4297e-03  -1.9891e-03  -1.2534e-02
   3.3500   0.0500   1.3241e-05  -5.6272e-07   5.1676e-04   2.9084e-04   4.6200e-05   4.5790e-03  -1.9891e-03  -1.2534e-02
   3.2500   0.1500   1.7931e-05   4.3761e-05   5.0064e-04   5.9112e-04   1.0489e-03   4.4362e-03  -1.9891e-03  -1.2534e-02
   3.1500   0.0500  -4.9785e-06  -8.5152e-06   4.8916e-04  -1.4801e-04  -2.1069e-04   4.3345e-03  -1.9891e-03  -1.2534e-02
El     26   SB3                                   PROP1     13     14     31
   3.4167   0.2500   3.8294e-05   4.0666e-05   5.4295e-04   1.0285e-03   1.0705e-03   4.8111e-03   3.6287e-03  -2.2840e-03
   3.4500   0.1500   2.7047e-05   3.5519e-05   5.5155e-04   7.5653e-04   9.0668e-04   4.8874e-03   3.6287e-03  -2.2840e-03
   3.4500   0.3500   3.7556e-05   4.4036e-05   5.4356e-04   1.0271e-03   1.1419e-03   4.8166e-03   3.6287e-03  -2.2840e-03
   3.3500   0.2500   4.6285e-05   4.3773e-05   5.3506e-04   1.2193e-03   1.1748e-03   4.7412e-03   3.6287e-03  -2.2840e-03
El     27   SB3                                   PROP1     31     29     13
   3.2500   0.4167   7.6251e-05   8.7141e-05   4.6299e-04   2.0753e-03   2.2683e-03   4.1026e-03   3.4217e-04  -1.0859e-02
   3.1500   0.4500   7.6297e-05   1.0622e-04   4.4609e-04   2.1608e-03   2.6912e-03   3.9529e-03   3.4217e-04  -1.0859e-02
   3.2500   0.3500   6.6952e-05   6.3230e-05   4.6786e-04   1.7633e-03   1.6974e-03   4.1458e-03   3.4217e-04  -1.0859e-02
   3.3500   0.4500   8.1518e-05   1.0393e-04   4.7000e-04   2.2663e-03   2.6634e-03   4.1648e-03   3.4217e-04  -1.0859e-02
El     28   SB3                                   PROP1     29     12     13
   3.0833   0.2500   4.4514e-05   6.3277e-05   4.1613e-04   1.2665e-03   1.5990e-03   3.6873e-03   1.9533e-03  -3.5798e-03
   3.0500   0.1500   3.9423e-05   5.7809e-05   4.1010e-04   1.1295e-03   1.4553e-03   3.6339e-03   1.9533e-03  -3.5798e-03
   3.1500   0.2500   4.0213e-05   6.1604e-05   4.2932e-04   1.1638e-03   1.5429e-03   3.8043e-03   1.9533e-03  -3.5798e-03
   3.0500   0.3500   5.6057e-05   6.9701e-05   4.0580e-04   1.5506e-03   1.7924e-03   3.5958e-03   1.9533e-03  -3.5798e-03
El     29   SB3                                   PROP1     14     16     15
   3.7500   0.0833   4.8649e-06   1.4634e-05   6.3227e-04   1.7261e-04   3.4574e-04   5.6026e-03  -4.7187e-03  -5.1535e-03
   3.8500   0.0500   1.9326e-05   1.6210e-05   6.3748e-04   4.9994e-04   4.4472e-04   5.6488e-03  -4.7187e-03  -5.1535e-03
   3.7500   0.1500   9.2780e-06   2.5982e-05   6.4071e-04   3.2065e-04   6.1669e-04   5.6774e-03  -4.7187e-03  -5.1535e-03
   3.6500   0.0500  -1.2118e-05  -3.9637e-06   6.2613e-04  -2.8601e-04  -1.4150e-04   5.5482e-03  -4.7187e-03  -5.1535e-03
El     30   SB3                                   PROP1     15     16     33
   3.9167   0.2500   1.4634e-05   4.8649e-06   6.3227e-04   3.4574e-04   1.7261e-04   5.6026e-03   5.1535e-03   4.7187e-03
   3.9500   0.1500   1.6210e-05   1.9326e-05   6.3748e-04   4.4472e-04   4.9994e-04   5.6488e-03   5.1535e-03   4.7187e-03
   3.9500   0.3500  -3.9637e-06  -1.2118e-05   6.2613e-04  -1.4150e-04  -2.8601e-04   5.5482e-03   5.1535e-03   4.7187e-03
   3.8500   0.2500   2.5982e-05   9.2780e-06   6.4071e-04   6.1669e-04   3.2065e-04   5.6774e-03   5.1535e-03   4.7187e-03
El     31   SB3                                   PROP1     33     31     15
   3.7500   0.4167   3.7949e-05   2.7539e-05   5.7723e-04   9.6268e-04   7.7820e-04   5.1149e-03   3.1061e-03  -3.4782e-03
   3.6500   0.4500   4.0739e-05   4.0857e-05   5.6209e-04   1.0835e-03   1.0856e-03   4.9807e-03   3.1061e-03  -3.4782e-03
   3.7500   0.3500   3.4970e-05   1.9880e-05   5.9233e-04   8.6277e-04   5.9534e-04   5.2487e-03   3.1061e-03  -3.4782e-03
   3.8500   0.4500   3.6861e-05   2.5709e-05   5.6974e-04   9.3047e-04   7.3284e-04   5.0486e-03   3.1061e-03  -3.4782e-03
El     32   SB3                                   PROP1     31     14     15
   3.5833   0.2500   2.7539e-05   3.7949e-05   5.7723e-04   7.7820e-04   9.6268e-04   5.1149e-03   3.4782e-03  -3.1061e-03
   3.5500   0.1500   2.5709e-05   3.6861e-05   5.6974e-04   7.3284e-04   9.3047e-04   5.0486e-03   3.4782e-03  -3.1061e-03
   3.6500   0.2500   1.9880e-05   3.4970e-05   5.9233e-04   5.9534e-04   8.6277e-04   5.2487e-03   3.4782e-03  -3.1061e-03
   3.5500   0.3500   4.0857e-05   4.0739e-05   5.6209e-04   1.0856e-03   1.0835e-03   4.9807e-03   3.4782e-03  -3.1061e-03
El     33   SB3                                   PROP1     17     19     18
   0.2500   0.5833   4.0666e-05   3.8294e-05  -5.4295e-04   1.0705e-03   1.0285e-03  -4.8111e-03  -2.2840e-03  -3.6287e-03
   0.3500   0.5500   4.4036e-05   3.7556e-05  -5.4356e-04   1.1419e-03   1.0271e-03  -4.8166e-03  -2.2840e-03  -3.6287e-03
   0.2500   0.6500   4.3773e-05   4.6285e-05  -5.3506e-04   1.1748e-03   1.2193e-03  -4.7412e-03  -2.2840e-03  -3.6287e-03
   0.1500   0.5500   3.5519e-05   2.7047e-05  -5.5155e-04   9.0668e-04   7.5653e-04  -4.8874e-03  -2.2840e-03  -3.6287e-03
El     34   SB3                                   PROP1     18     19     36
   0.4167   0.7500   8.7141e-05   7.6251e-05  -4.6299e-04   2.2683e-03   2.0753e-03  -4.1026e-03  -1.0859e-02  -3.4217e-04
   0.4500   0.6500   1.0393e-04   8.1518e-05  -4.7000e-04   2.6634e-03   2.2663e-03  -4.1648e-03  -1.0859e-02  -3.4217e-04
   0.4500   0.8500   1.0622e-04   7.6297e-05  -4.4609e-04   2.6912e-03   2.1608e-03  -3.9529e-03  -1.0859e-02  -3.4217e-04
   0.3500   0.7500   6.3230e-05   6.6952e-05  -4.6786e-04   1.6974e-03   1.7633e-03  -4.1458e-03  -1.0859e-02  -3.4217e-04
El     35   SB3                                   PROP1     36     34     18
   0.2500   0.9167   6.3277e-05   4.4514e-05  -4.1613e-04   1.5990e-03   1.2665e-03  -3.6873e-03  -3.5798e-03  -1.9533e-03
   0.1500   0.9500   5.7809e-05   3.9423e-05  -4.1010e-04   1.4553e-03   1.1295e-03  -3.6339e-03  -3.5798e-03  -1.9533e-03
   0.2500   0.8500   6.1604e-05   4.0213e-05  -4.2932e-04   1.5429e-03   1.1638e-03  -3.8043e-03  -3.5798e-03  -1.9533e-03
   0.3500   0.9500   6.9701e-05   5.6057e-05  -4.0580e-04   1.7924e-03   1.5506e-03  -3.5958e-03  -3.5798e-03  -1.9533e-03
El     36   SB3                                   PROP1     34     17     18
   0.0833   0.7500   1.6161e-05   7.1980e-06  -4.9990e-04   3.8990e-04   2.3106e-04  -4.4297e-03  -1.2534e-02   1.9891e-03
   0.0500   0.6500  -5.6272e-07   1.3241e-05  -5.1676e-04   4.6200e-05   2.9084e-04  -4.5790e-03  -1.2534e-02   1.9891e-03
   0.1500   0.7500   4.3761e-05   1.7931e-05  -5.0064e-04   1.0489e-03   5.9112e-04  -4.4362e-03  -1.2534e-02   1.9891e-03
   0.0500   0.8500  -8.5152e-06  -4.9785e-06  -4.8916e-04  -2.1069e-04  -1.4801e-04  -4.3345e-03  -1.2534e-02   1.9891e-03
El     37   SB3                                   PROP1     19     21     20
   0.7500   0.5833   8.3911e-05   9.1182e-05  -4.4061e-04   2.2628e-03   2.3917e-03  -3.9043e-03  -5.9307e-04  -9.1781e-03
   0.8500   0.5500   7.8347e-05   7.7880e-05  -4.3750e-04   2.0807e-03   2.0724e-03  -3.8767e-03  -5.9307e-04  -9.1781e-03
   0.7500   0.6500   9.1770e-05   1.1139e-04  -4.3354e-04   2.5265e-03   2.8742e-03  -3.8416e-03  -5.9307e-04  -9.1781e-03
   0.6500   0.5500   8.4983e-05   7.4168e-05  -4.5771e-04   2.2112e-03   2.0196e-03  -4.0558e-03  -5.9307e-04  -9.1781e-03
El     38   SB3                                   PROP1     20     21     38
   0.9167   0.7500   1.3127e-04   1.3918e-04  -3.4364e-04   3.5245e-03   3.6647e-03  -3.0451e-03  -7.5028e-03  -5.9525e-04
   0.9500   0.6500   1.4180e-04   1.4433e-04  -3.4491e-04   3.7806e-03   3.8255e-03  -3.0563e-03  -7.5028e-03  -5.9525e-04
   0.9500   0.8500   1.4552e-04   1.3770e-04  -3.2839e-04   3.8337e-03   3.6952e-03  -2.9099e-03  -7.5028e-03  -5.9525e-04
   0.8500   0.7500   1.1474e-04   1.3275e-04  -3.5072e-04   3.1301e-03   3.4492e-03  -3.1078e-03  -7.5028e-03  -5.9525e-04
El     39   SB3                                   PROP1     38     36     20
   0.7500   0.9167   1.3918e-04   1.3127e-04  -3.4364e-04   3.6647e-03   3.5245e-03  -3.0451e-03  -5.9525e-04  -7.5028e-03
   0.6500   0.9500   1.4433e-04   1.4180e-04  -3.4491e-04   3.8255e-03   3.7806e-03  -3.0563e-03  -5.9525e-04  -7.5028e-03
   0.7500   0.8500   1.3275e-04   1.1474e-04  -3.5072e-04   3.4492e-03   3.1301e-03  -3.1078e-03  -5.9525e-04  -7.5028e-03
   0.8500   0.9500   1.3770e-04   1.4552e-04  -3.2839e-04   3.6952e-03   3.8337e-03  -2.9099e-03  -5.9525e-04  -7.5028e-03
El     40   SB3                                   PROP1     36     19     20
   0.5833   0.7500   9.1182e-05   8.3911e-05  -4.4061e-04   2.3917e-03   2.2628e-03  -3.9043e-03  -9.1781e-03  -5.9307e-04
   0.5500   0.6500   7.4168e-05   8.4983e-05  -4.5771e-04   2.0196e-03   2.2112e-03  -4.0558e-03  -9.1781e-03  -5.9307e-04
   0.6500   0.7500   1.1139e-04   9.1770e-05  -4.3354e-04   2.8742e-03   2.5265e-03  -3.8416e-03  -9.1781e-03  -5.9307e-04
   0.5500   0.8500   7.7880e-05   7.8347e-05  -4.3750e-04   2.0724e-03   2.0807e-03  -3.8767e-03  -9.1781e-03  -5.9307e-04
El     41   SB3                                   PROP1     21     23     22
   1.2500   0.5833   1.0162e-04   1.3331e-04  -2.7854e-04   2.8418e-03   3.4034e-03  -2.4682e-03  -5.8886e-05  -1.1740e-02
   1.3500   0.5500   9.5713e-05   1.1440e-04  -2.6985e-04   2.6272e-03   2.9584e-03  -2.3912e-03  -5.8886e-05  -1.1740e-02
   1.2500   0.6500   1.1167e-04   1.5916e-04  -2.7477e-04   3.1790e-03   4.0206e-03  -2.4348e-03  -5.8886e-05  -1.1740e-02
   1.1500   0.5500   1.0178e-04   1.1343e-04  -2.9570e-04   2.7573e-03   2.9638e-03  -2.6202e-03  -5.8886e-05  -1.1740e-02
El     42   SB3                                   PROP1     22     23     40
   1.4167   0.7500   1.4701e-04   1.7760e-04  -1.8839e-04   4.0434e-03   4.5856e-03  -1.6694e-03  -3.9690e-03  -1.3456e-03
   1.4500   0.6500   1.4998e-04   1.8046e-04  -1.8429e-04   4.1219e-03   4.6621e-03  -1.6331e-03  -3.9690e-03  -1.3456e-03
   1.4500   0.8500   1.5714e-04   1.7669e-04  -1.7555e-04   4.2640e-03   4.6103e-03  -1.5556e-03  -3.9690e-03  -1.3456e-03
   1.3500   0.7500   1.3827e-04   1.7420e-04  -1.9803e-04   3.8348e-03   4.4716e-03  -1.7548e-03  -3.9690e-03  -1.3456e-03
El     43   SB3                                   PROP1     40     38     22
   1.2500   0.9167   1.7263e-04   1.8785e-04  -2.2098e-04   4.6566e-03   4.9264e-03  -1.9581e-03   1.4162e-04  -1.0065e-02
   1.1500   0.9500   1.7945e-04   2.0435e-04  -2.2699e-04   4.8807e-03   5.3219e-03  -2.0114e-03   1.4162e-04  -1.0065e-02
   1.2500   0.8500   1.6401e-04   1.6569e-04  -2.2514e-04   4.3675e-03   4.3972e-03  -1.9950e-03   1.4162e-04  -1.0065e-02
   1.3500   0.9500   1.7074e-04   2.0461e-04  -2.0483e-04   4.6889e-03   5.2891e-03  -1.8150e-03   1.4162e-04  -1.0065e-02
El     44   SB3                                   PROP1     38     21     22
   1.0833   0.7500   1.2661e-04   1.4420e-04  -3.1381e-04   3.4436e-03   3.7554e-03  -2.7807e-03  -5.6443e-03  -8.1875e-04
   1.0500   0.6500   1.1479e-04   1.4677e-04  -3.2884e-04   3.1932e-03   3.7599e-03  -2.9139e-03  -5.6443e-03  -8.1875e-04
   1.1500   0.7500   1.3903e-04   1.4904e-04  -3.0477e-04   3.7403e-03   3.9176e-03  -2.7006e-03  -5.6443e-03  -8.1875e-04
   1.0500   0.8500   1.1978e-04   1.3888e-04  -3.1641e-04   3.2687e-03   3.6072e-03  -2.8038e-03  -5.6443e-03  -8.1875e-04
El     45   SB3                                   PROP1     23     25     24
   1.7500   0.5833   1.0812e-04   1.5413e-04  -9.4762e-05   3.0781e-03   3.8935e-03  -8.3969e-04   1.1817e-05  -1.2822e-02
   1.8500   0.5500   1.0384e-04   1.3306e-04  -8.2086e-05   2.8899e-03   3.4076e-03  -7.2738e-04   1.1817e-05  -1.2822e-02
   1.7500   0.6500   1.1910e-04   1.8237e-04  -9.3530e-05   3.4464e-03   4.5676e-03  -8.2878e-04   1.1817e-05  -1.2822e-02
   1.6500   0.5500   1.0613e-04   1.3286e-04  -1.1032e-04   2.9396e-03   3.4134e-03  -9.7756e-04   1.1817e-05  -1.2822e-02
El     46   SB3                                   PROP1     24     25     42
   1.9167   0.7500   1.4930e-04   1.9116e-04  -1.7621e-05   4.1544e-03   4.8962e-03  -1.5614e-04  -7.3140e-04  -1.6230e-03
   1.9500   0.6500   1.4630e-04   1.9258e-04  -9.5594e-06   4.0943e-03   4.9144e-03  -8.4707e-05  -7.3140e-04  -1.6230e-03
   1.9500   0.8500   1.5472e-04   1.9009e-04  -7.9489e-06   4.2697e-03   4.8965e-03  -7.0436e-05  -7.3140e-04  -1.6230e-03
   1.8500   0.7500   1.4769e-04   1.9053e-04  -2.8081e-05   4.1160e-03   4.8751e-03  -2.4883e-04  -7.3140e-04  -1.6230e-03
El     47   SB3                                   PROP1     42     40     24
   1.7500   0.9167   1.8485e-04   2.1642e-04  -7.5735e-05   5.0538e-03   5.6133e-03  -6.7110e-04   1.2341e-04  -1.1147e-02
   1.6500   0.9500   1.8935e-04   2.3494e-04  -8.6238e-05   5.2355e-03   6.0435e-03  -7.6417e-04   1.2341e-04  -1.1147e-02
   1.7500   0.8500   1.7530e-04   1.9188e-04  -7.7061e-05   4.7336e-03   5.0273e-03  -6.8285e-04   1.2341e-04  -1.1147e-02
   1.8500   0.9500   1.8580e-04   2.3472e-04  -6.1693e-05   5.1560e-03   6.0228e-03  -5.4667e-04   1.2341e-04  -1.1147e-02
El     48   SB3                                   PROP1     40     23     24
   1.5833   0.7500   1.4303e-04   1.8004e-04  -1.5405e-04   3.9661e-03   4.6220e-03  -1.3650e-03  -2.4067e-03  -1.4176e-03
   1.5500   0.6500   1.3526e-04   1.8154e-04  -1.6575e-04   3.8008e-03   4.6208e-03  -1.4687e-03  -2.4067e-03  -1.4176e-03
   1.6500   0.7500   1.4832e-04   1.8210e-04  -1.4377e-04   4.0926e-03   4.6911e-03  -1.2740e-03  -2.4067e-03  -1.4176e-03
   1.5500   0.8500   1.4284e-04   1.7736e-04  -1.6045e-04   3.9501e-03   4.5619e-03  -1.4218e-03  -2.4067e-03  -1.4176e-03
El     49   SB3                                   PROP1     25     27     26
   2.2500   0.5833   1.0812e-04   1.5413e-04   9.4762e-05   3.0781e-03   3.8935e-03   8.3969e-04  -1.1817e-05  -1.2822e-02
   2.3500   0.5500   1.0613e-04   1.3286e-04   1.1032e-04   2.9396e-03   3.4134e-03   9.7756e-04  -1.1817e-05  -1.2822e-02
   2.2500   0.6500   1.1910e-04   1.8237e-04   9.3530e-05   3.4464e-03   4.5676e-03   8.2878e-04  -1.1817e-05  -1.2822e-02
   2.1500   0.5500   1.0384e-04   1.3306e-04   8.2086e-05   2.8899e-03   3.4076e-03   7.2738e-04  -1.1817e-05  -1.2822e-02
El     50   SB3                                   PROP1     26     27     44
   2.4167   0.7500   1.4303e-04   1.8004e-04   1.5405e-04   3.9661e-03   4.6220e-03   1.3650e-03   2.4067e-03  -1.4176e-03
   2.4500   0.6500   1.3526e-04   1.8154e-04   1.6575e-04   3.8008e-03   4.6208e-03   1.4687e-03   2.4067e-03  -1.4176e-03
   2.4500   0.8500   1.4284e-04   1.7736e-04   1.6045e-04   3.9501e-03   4.5619e-03   1.4218e-03   2.4067e-03  -1.4176e-03
   2.3500   0.7500   1.4832e-04   1.8210e-04   1.4377e-04   4.0926e-03   4.6911e-03   1.2740e-03   2.4067e-03  -1.4176e-03
El     51   SB3                                   PROP1     44     42     26
   2.2500   0.9167   1.8485e-04   2.1642e-04   7.5735e-05   5.0538e-03   5.6133e-03   6.7110e-04  -1.2341e-04  -1.1147e-02
   2.1500   0.9500   1.8580e-04   2.3472e-04   6.1693e-05   5.1560e-03   6.0228e-03   5.4667e-04  -1.2341e-04  -1.1147e-02
   2.2500   0.8500   1.7530e-04   1.9188e-04   7.7061e-05   4.7336e-03   5.0273e-03   6.8285e-04  -1.2341e-04  -1.1147e-02
   2.3500   0.9500   1.8935e-04   2.3494e-04   8.6238e-05   5.2355e-03   6.0435e-03   7.6417e-04  -1.2341e-04  -1.1147e-02
El     52   SB3                                   PROP1     42     25     26
   2.0833   0.7500   1.4930e-04   1.9116e-04   1.7621e-05   4.1544e-03   4.8962e-03   1.5614e-04   7.3140e-04  -1.6230e-03
   2.0500   0.6500   1.4630e-04   1.9258e-04   9.5594e-06   4.0943e-03   4.9144e-03   8.4707e-05   7.3140e-04  -1.6230e-03
   2.1500   0.7500   1.4769e-04   1.9053e-04   2.8081e-05   4.1160e-03   4.8751e-03   2.4883e-04   7.3140e-04  -1.6230e-03
   2.0500   0.8500   1.5472e-04   1.9009e-04   7.9489e-06   4.2697e-03   4.8965e-03   7.0436e-05   7.3140e-04  -1.6230e-03
El     53   SB3                                   PROP1     27     29     28
   2.7500   0.5833   1.0162e-04   1.3331e-04   2.7854e-04   2.8418e-03   3.4034e-03   2.4682e-03   5.8886e-05  -1.1740e-02
   2.8500   0.5500   1.0178e-04   1.1343e-04   2.9570e-04   2.7573e-03   2.9638e-03   2.6202e-03   5.8886e-05  -1.1740e-02
   2.7500   0.6500   1.1167e-04   1.5916e-04   2.7477e-04   3.1790e-03   4.0206e-03   2.4348e-03   5.8886e-05  -1.1740e-02
   2.6500   0.5500   9.5713e-05   1.1440e-04   2.6985e-04   2.6272e-03   2.9584e-03   2.3912e-03   5.8886e-05  -1.1740e-02
El     54   SB3                                   PROP1     28     29     46
   2.9167   0.7500   1.2661e-04   1.4420e-04   3.1381e-04   3.4436e-03   3.7554e-03   2.7807e-03   5.6443e-03  -8.1875e-04
   2.9500   0.6500   1.1479e-04   1.4677e-04   3.2884e-04   3.1932e-03   3.7599e-03   2.9139e-03   5.6443e-03  -8.1875e-04
   2.9500   0.8500   1.1978e-04   1.3888e-04   3.1641e-04   3.2687e-03   3.6072e-03   2.8038e-03   5.6443e-03  -8.1875e-04
   2.8500   0.7500   1.3903e-04   1.4904e-04   3.0477e-04   3.7403e-03   3.9176e-03   2.7006e-03   5.6443e-03  -8.1875e-04
El     55   SB3                                   PROP1     46     44     28
   2.7500   0.9167   1.7263e-04   1.8785e-04   2.2098e-04   4.6566e-03   4.9264e-03   1.9581e-03  -1.4162e-04  -1.0065e-02
   2.6500   0.9500   1.7074e-04   2.0461e-04   2.0483e-04   4.6889e-03   5.2891e-03   1.8150e-03  -1.4162e-04  -1.0065e-02
   2.7500   0.8500   1.6401e-04   1.6569e-04   2.2514e-04   4.3675e-03   4.3972e-03   1.9950e-03  -1.4162e-04  -1.0065e-02
   2.8500   0.9500   1.7945e-04   2.0435e-04   2.2699e-04   4.8807e-03   5.3219e-03   2.0114e-03  -1.4162e-04  -1.0065e-02
El     56   SB3                                   PROP1     44     27     28
   2.5833   0.7500   1.4701e-04   1.7760e-04   1.8839e-04   4.0434e-03   4.5856e-03   1.6694e-03   3.9690e-03  -1.3456e-03
   2.5500   0.6500   1.4998e-04   1.8046e-04   1.8429e-04   4.1219e-03   4.6621e-03   1.6331e-03   3.9690e-03  -1.3456e-03
   2.6500   0.7500   1.3827e-04   1.7420e-04   1.9803e-04   3.8348e-03   4.4716e-03   1.7548e-03   3.9690e-03  -1.3456e-03
   2.5500   0.8500   1.5714e-04   1.7669e-04   1.7555e-04   4.2640e-03   4.6103e-03   1.5556e-03   3.9690e-03  -1.3456e-03
El     57   SB3                                   PROP1     29     31     30
   3.2500   0.5833   8.3911e-05   9.1182e-05   4.4061e-04   2.2628e-03   2.3917e-03   3.9043e-03   5.9307e-04  -9.1781e-03
   3.3500   0.5500   8.4983e-05   7.4168e-05   4.5771e-04   2.2112e-03   2.0196e-03   4.0558e-03   5.9307e-04  -9.1781e-03
   3.2500   0.6500   9.1770e-05   1.1139e-04   4.3354e-04   2.5265e-03   2.8742e-03   3.8416e-03   5.9307e-04  -9.1781e-03
   3.1500   0.5500   7.8347e-05   7.7880e-05   4.3750e-04   2.0807e-03   2.0724e-03   3.8767e-03   5.9307e-04  -9.1781e-03
El     58   SB3                                   PROP1     30     31     48
   3.4167   0.7500   9.1182e-05   8.3911e-05   4.4061e-04   2.3917e-03   2.2628e-03   3.9043e-03   9.1781e-03  -5.9307e-04
   3.4500   0.6500   7.4168e-05   8.4983e-05   4.5771e-04   2.0196e-03   2.2112e-03   4.0558e-03   9.1781e-03  -5.9307e-04
   3.4500   0.8500   7.7880e-05   7.8347e-05   4.3750e-04   2.0724e-03   2.0807e-03   3.8767e-03   9.1781e-03  -5.9307e-04
   3.3500   0.7500   1.1139e-04   9.1770e-05   4.3354e-04   2.8742e-03   2.5265e-03   3.8416e-03   9.1781e-03  -5.9307e-04
El     59   SB3                                   PROP1     48     46     30
   3.2500   0.9167   1.3918e-04   1.3127e-04   3.4364e-04   3.6647e-03   3.5245e-03   3.0451e-03   5.9525e-04  -7.5028e-03
   3.1500   0.9500   1.3770e-04   1.4552e-04   3.2839e-04   3.6952e-03   3.8337e-03   2.9099e-03   5.9525e-04  -7.5028e-03
   3.2500   0.8500   1.3275e-04   1.1474e-04   3.5072e-04   3.4492e-03   3.1301e-03   3.1078e-03   5.9525e-04  -7.5028e-03
   3.3500   0.9500   1.4433e-04   1.4180e-04   3.4491e-04   3.8255e-03   3.7806e-03   3.0563e-03   5.9525e-04  -7.5028e-03
El     60   SB3                                   PROP1     46     29     30
   3.0833   0.7500   1.3127e-04   1.3918e-04   3.4364e-04   3.5245e-03   3.6647e-03   3.0451e-03   7.5028e-03  -5.9525e-04
   3.0500   0.6500   1.4180e-04   1.4433e-04   3.4491e-04   3.7806e-03   3.8255e-03   3.0563e-03   7.5028e-03  -5.9525e-04
   3.1500   0.7500   1.1474e-04   1.3275e-04   3.5072e-04   3.1301e-03   3.4492e-03   3.1078e-03   7.5028e-03  -5.9525e-04
   3.0500   0.8500   1.4552e-04   1.3770e-04   3.2839e-04   3.8337e-03   3.6952e-03   2.9099e-03   7.5028e-03  -5.9525e-04
El     61   SB3                                   PROP1     31     33     32
   3.7500   0.5833   4.0666e-05   3.8294e-05   5.4295e-04   1.0705e-03   1.0285e-03   4.8111e-03   2.2840e-03  -3.6287e-03
   3.8500   0.5500   3.5519e-05   2.7047e-05   5.5155e-04   9.0668e-04   7.5653e-04   4.8874e-03   2.2840e-03  -3.6287e-03
   3.7500   0.6500   4.3773e-05   4.6285e-05   5.3506e-04   1.1748e-03   1.2193e-03   4.7412e-03   2.2840e-03  -3.6287e-03
   3.6500   0.5500   4.4036e-05   3.7556e-05   5.4356e-04   1.1419e-03   1.0271e-03   4.8166e-03   2.2840e-03  -3.6287e-03
El     62   SB3                                   PROP1     32     33     50
   3.9167   0.7500   1.6161e-05   7.1980e-06   4.9990e-04   3.8990e-04   2.3106e-04   4.4297e-03   1.2534e-02   1.9891e-03
   3.9500   0.6500  -5.6272e-07   1.3241e-05   5.1676e-04   4.6200e-05   2.9084e-04   4.5790e-03   1.2534e-02   1.9891e-03
   3.9500   0.8500  -8.5152e-06  -4.9785e-06   4.8916e-04  -2.1069e-04  -1.4801e-04   4.3345e-03   1.2534e-02   1.9891e-03
   3.8500   0.7500   4.3761e-05   1.7931e-05   5.0064e-04   1.0489e-03   5.9112e-04   4.4362e-03   1.2534e-02   1.9891e-03
El     63   SB3                                   PROP1     50     48     32
   3.7500   0.9167   6.3277e-05   4.4514e-05   4.1613e-04   1.5990e-03   1.2665e-03   3.6873e-03   3.5798e-03  -1.9533e-03
   3.6500   0.9500   6.9701e-05   5.6057e-05   4.0580e-04   1.7924e-03   1.5506e-03   3.5958e-03   3.5798e-03  -1.9533e-03
   3.7500   0.8500   6.1604e-05   4.0213e-05   4.2932e-04   1.5429e-03   1.1638e-03   3.8043e-03   3.5798e-03  -1.9533e-03
   3.8500   0.9500   5.7809e-05   3.9423e-05   4.1010e-04   1.4553e-03   1.1295e-03   3.6339e-03   3.5798e-03  -1.9533e-03
El     64   SB3                                   PROP1     48     31     32
   3.5833   0.7500   8.7141e-05   7.6251e-05   4.6299e-04   2.2683e-03   2.0753e-03   4.1026e-03   1.0859e-02  -3.4217e-04
   3.5500   0.6500   1.0393e-04   8.1518e-05   4.7000e-04   2.6634e-03   2.2663e-03   4.1648e-03   1.0859e-02  -3.4217e-04
   3.6500   0.7500   6.3230e-05   6.6952e-05   4.6786e-04   1.6974e-03   1.7633e-03   4.1458e-03   1.0859e-02  -3.4217e-04
   3.5500   0.8500   1.0622e-04   7.6297e-05   4.4609e-04   2.6912e-03   2.1608e-03   3.9529e-03   1.0859e-02  -3.4217e-04
El     65   SB3                                   PROP1     34     36     35
   0.2500   1.0833   6.4941e-05   4.7190e-05  -3.8168e-04   1.6477e-03   1.3331e-03  -3.3821e-03  -3.4203e-03  -2.3985e-03
   0.3500   1.0500   7.0750e-05   5.1096e-05  -3.8592e-04   1.7937e-03   1.4454e-03  -3.4197e-03  -3.4203e-03  -2.3985e-03
   0.2500   1.1500   6.6995e-05   5.2472e-05  -3.6988e-04   1.7166e-03   1.4592e-03  -3.2776e-03  -3.4203e-03  -2.3985e-03
   0.1500   1.0500   5.7958e-05   3.5362e-05  -3.9120e-04   1.4406e-03   1.0402e-03  -3.4665e-03  -3.4203e-03  -2.3985e-03
El     66   SB3                                   PROP1     35     36     53
   0.4167   1.2500   1.1669e-04   9.1842e-05  -2.9179e-04   2.9919e-03   2.5516e-03  -2.5856e-03  -1.3834e-02   7.2033e-05
   0.4500   1.1500   1.3942e-04   9.7891e-05  -3.0385e-04   3.5223e-03   2.7863e-03  -2.6925e-03  -1.3834e-02   7.2033e-05
   0.4500   1.3500   1.3965e-04   9.2563e-05  -2.7339e-04   3.5038e-03   2.6693e-03  -2.4225e-03  -1.3834e-02   7.2033e-05
   0.3500   1.2500   8.6227e-05   7.9995e-05  -2.9441e-04   2.2646e-03   2.1541e-03  -2.6088e-03  -1.3834e-02   7.2033e-05
El     67   SB3                                   PROP1     53     51     35
   0.2500   1.4167   7.7611e-05   5.0623e-05  -2.2410e-04   1.9436e-03   1.4653e-03  -1.9858e-03  -4.6260e-03  -7.2314e-04
   0.1500   1.4500   6.8174e-05   4.1285e-05  -2.1685e-04   1.6932e-03   1.2166e-03  -1.9216e-03  -4.6260e-03  -7.2314e-04
   0.2500   1.3500   7.6992e-05   4.9031e-05  -2.3896e-04   1.9228e-03   1.4273e-03  -2.1175e-03  -4.6260e-03  -7.2314e-04
   0.3500   1.4500   8.7402e-05   6.2351e-05  -2.1526e-04   2.2125e-03   1.7685e-03  -1.9074e-03  -4.6260e-03  -7.2314e-04
El     68   SB3                                   PROP1     51     34     35
   0.0833   1.2500   2.5222e-05   6.6119e-06  -3.1246e-04   5.8802e-04   2.5822e-04  -2.7687e-03  -1.5510e-02   8.6184e-04
   0.0500   1.1500   1.3297e-06   6.7671e-06  -3.3086e-04   5.9439e-05   1.5580e-04  -2.9318e-03  -1.5510e-02   8.6184e-04
   0.1500   1.2500   5.9374e-05   1.9893e-05  -3.1278e-04   1.4034e-03   7.0376e-04  -2.7715e-03  -1.5510e-02   8.6184e-04
   0.0500   1.3500  -2.1153e-06  -1.1326e-06  -2.9671e-04  -5.1877e-05  -3.4463e-05  -2.6292e-03  -1.5510e-02   8.6184e-04
El     69   SB3                                   PROP1     36     38     37
   0.7500   1.0833   1.4420e-04   1.2661e-04  -3.1381e-04   3.7554e-03   3.4436e-03  -2.7807e-03  -8.1875e-04  -5.6443e-03
   0.8500   1.0500   1.3888e-04   1.1978e-04  -3.1641e-04   3.6072e-03   3.2687e-03  -2.8038e-03  -8.1875e-04  -5.6443e-03
   0.7500   1.1500   1.4904e-04   1.3903e-04  -3.0477e-04   3.9176e-03   3.7403e-03  -2.7006e-03  -8.1875e-04  -5.6443e-03
   0.6500   1.0500   1.4677e-04   1.1479e-04  -3.2884e-04   3.7599e-03   3.1932e-03  -2.9139e-03  -8.1875e-04  -5.6443e-03
El     70   SB3                                   PROP1     37     38     55
   0.9167   1.2500   1.8785e-04   1.7263e-04  -2.2098e-04   4.9264e-03   4.6566e-03  -1.9581e-03  -1.0065e-02   1.4162e-04
   0.9500   1.1500   2.0435e-04   1.7945e-04  -2.2699e-04   5.3219e-03   4.8807e-03  -2.0114e-03  -1.0065e-02   1.4162e-04
   0.9500   1.3500   2.0461e-04   1.7074e-04  -2.0483e-04   5.2891e-03   4.6889e-03  -1.8150e-03  -1.0065e-02   1.4162e-04
   0.8500   1.2500   1.6569e-04   1.6401e-04  -2.2514e-04   4.3972e-03   4.3675e-03  -1.9950e-03  -1.0065e-02   1.4162e-04
El     71   SB3                                   PROP1     55     53     37
