Time   1.0000
El      1   SB3                                   PROP1      0      2      1
   0.2500   0.0833   3.0089e-04   1.1041e-04   1.5620e-03   7.1548e-03   3.7791e-03   1.3841e-02  -4.1125e-02   4.0508e-03
   0.3500   0.0500   4.7766e-04   2.0071e-04   1.6042e-03   1.1471e-02   6.5625e-03   1.4215e-02  -4.1125e-02   4.0508e-03
   0.2500   0.1500   2.9742e-04   1.0149e-04   1.5915e-03   7.0385e-03   3.5661e-03   1.4103e-02  -4.1125e-02   4.0508e-03
   0.1500   0.0500   1.2611e-04   3.3497e-05   1.6131e-03   2.9420e-03   1.3008e-03   1.4294e-02  -4.1125e-02   4.0508e-03
El      2   SB3                                   PROP1      1      2     19
   0.4167   0.2500   3.2314e-04   1.3330e-04   1.3586e-03   7.7491e-03   4.3847e-03   1.2039e-02   5.7262e-03  -2.5319e-02
   0.4500   0.1500   2.6576e-04  -8.2017e-06   1.2944e-03   5.8509e-03   9.9577e-04   1.1470e-02   5.7262e-03  -2.5319e-02
   0.4500   0.3500   3.6162e-04   2.7200e-04   1.2818e-03   9.2159e-03   7.6278e-03   1.1358e-02   5.7262e-03  -2.5319e-02
   0.3500   0.2500   3.3575e-04   1.3821e-04   1.3766e-03   8.0502e-03   4.5492e-03   1.2198e-02   5.7262e-03  -2.5319e-02
El      3   SB3                                   PROP1     19     17      1
   0.2500   0.4167   1.3330e-04   3.2314e-04   1.3586e-03   4.3847e-03   7.7491e-03   1.2039e-02  -2.5319e-02   5.7262e-03
   0.1500   0.4500  -8.2017e-06   2.6576e-04   1.2944e-03   9.9577e-04   5.8509e-03   1.1470e-02  -2.5319e-02   5.7262e-03
   0.2500   0.3500   1.3821e-04   3.3575e-04   1.3766e-03   4.5492e-03   8.0502e-03   1.2198e-02  -2.5319e-02   5.7262e-03
   0.3500   0.4500   2.7200e-04   3.6162e-04   1.2818e-03   7.6278e-03   9.2159e-03   1.1358e-02  -2.5319e-02   5.7262e-03
El      4   SB3                                   PROP1     17      0      1
   0.0833   0.2500   1.1041e-04   3.0089e-04   1.5620e-03   3.7791e-03   7.1548e-03   1.3841e-02   4.0508e-03  -4.1125e-02
   0.0500   0.1500   3.3497e-05   1.2611e-04   1.6131e-03   1.3008e-03   2.9420e-03   1.4294e-02   4.0508e-03  -4.1125e-02
   0.1500   0.2500   1.0149e-04   2.9742e-04   1.5915e-03   3.5661e-03   7.0385e-03   1.4103e-02   4.0508e-03  -4.1125e-02
   0.0500   0.3500   2.0071e-04   4.7766e-04   1.6042e-03   6.5625e-03   1.1471e-02   1.4215e-02   4.0508e-03  -4.1125e-02
El      5   SB3                                   PROP1      2      4      3
   0.7500   0.0833   7.5264e-04   1.9577e-05   1.0967e-03   1.6760e-02   3.7683e-03   9.7176e-03  -1.9078e-02   1.3776e-02
   0.8500   0.0500   8.4655e-04   8.0113e-05   1.1149e-03   1.9108e-02   5.5254e-03   9.8794e-03  -1.9078e-02   1.3776e-02
   0.7500   0.1500   7.4084e-04  -1.0757e-05   1.1001e-03   1.6364e-02   3.0441e-03   9.7485e-03  -1.9078e-02   1.3776e-02
   0.6500   0.0500   6.6547e-04   4.5435e-06   1.1453e-03   1.4762e-02   3.0491e-03   1.0148e-02  -1.9078e-02   1.3776e-02
El      6   SB3                                   PROP1      3      4     21
   0.9167   0.2500   7.1158e-04   3.0949e-05   8.9638e-04   1.5901e-02   3.8383e-03   7.9429e-03   3.7996e-03  -2.5464e-02
   0.9500   0.1500   6.5581e-04  -9.9231e-05   8.4495e-04   1.4088e-02   7.0736e-04   7.4872e-03   3.7996e-03  -2.5464e-02
   0.9500   0.3500   7.5481e-04   1.5927e-04   8.3658e-04   1.7427e-02   6.8725e-03   7.4130e-03   3.7996e-03  -2.5464e-02
   0.8500   0.2500   7.1995e-04   3.4203e-05   9.0127e-04   1.6100e-02   3.9475e-03   7.9862e-03   3.7996e-03  -2.5464e-02
El      7   SB3                                   PROP1     21     19      3
   0.7500   0.4167   5.4610e-04   1.4103e-04   9.7578e-04   1.2722e-02   5.5438e-03   8.6465e-03  -2.0093e-02   1.5451e-02
   0.6500   0.4500   4.4652e-04   7.5771e-05   9.5700e-04   1.0227e-02   3.6569e-03   8.4801e-03  -2.0093e-02   1.5451e-02
   0.7500   0.3500   5.5933e-04   1.7506e-04   9.7261e-04   1.3166e-02   6.3561e-03   8.6184e-03  -2.0093e-02   1.5451e-02
   0.8500   0.4500   6.3812e-04   1.5526e-04   9.2298e-04   1.4824e-02   6.2666e-03   8.1786e-03  -2.0093e-02   1.5451e-02
El      8   SB3                                   PROP1     19      2      3
   0.5833   0.2500   5.8652e-04   1.3030e-04   1.1852e-03   1.3570e-02   5.4851e-03   1.0502e-02   2.1243e-03  -2.6936e-02
   0.5500   0.1500   5.3754e-04  -4.7206e-06   1.2449e-03   1.1887e-02   2.2770e-03   1.1031e-02   2.1243e-03  -2.6936e-02
   0.6500   0.2500   5.8184e-04   1.2848e-04   1.1814e-03   1.3459e-02   5.4241e-03   1.0468e-02   2.1243e-03  -2.6936e-02
   0.5500   0.3500   6.4252e-04   2.6636e-04   1.2402e-03   1.5414e-02   8.7474e-03   1.0989e-02   2.1243e-03  -2.6936e-02
El      9   SB3                                   PROP1      4      6      5
   1.2500   0.0833   1.0055e-03  -5.2071e-05   6.3800e-04   2.2044e-02   3.3014e-03   5.6534e-03  -1.0187e-02   1.3693e-02
   1.3500   0.0500   1.0565e-03  -9.2072e-06   6.3990e-04   2.3364e-02   4.4770e-03   5.6702e-03  -1.0187e-02   1.3693e-02
   1.2500   0.1500   9.9378e-04  -8.2223e-05   6.4062e-04   2.1651e-02   2.5815e-03   5.6766e-03  -1.0187e-02   1.3693e-02
   1.1500   0.0500   9.6118e-04  -4.9706e-05   6.7005e-04   2.1073e-02   3.1574e-03   5.9374e-03  -1.0187e-02   1.3693e-02
El     10   SB3                                   PROP1      5      6     23
   1.4167   0.2500   9.4069e-04  -2.2878e-05   4.7268e-04   2.0738e-02   3.6610e-03   4.1884e-03   2.1204e-03  -2.3440e-02
   1.4500   0.1500   8.9175e-04  -1.4350e-04   4.2234e-04   1.9119e-02   7.7193e-04   3.7424e-03   2.1204e-03  -2.3440e-02
   1.4500   0.3500   9.8263e-04   9.6711e-05   4.1767e-04   2.2196e-02   6.4960e-03   3.7010e-03   2.1204e-03  -2.3440e-02
   1.3500   0.2500   9.4536e-04  -2.1062e-05   4.7847e-04   2.0849e-02   3.7219e-03   4.2397e-03   2.1204e-03  -2.3440e-02
El     11   SB3                                   PROP1     23     21      5
   1.2500   0.4167   8.0632e-04   5.7879e-05   5.7570e-04   1.8119e-02   4.8546e-03   5.1013e-03  -1.1335e-02   1.5369e-02
   1.1500   0.4500   7.4836e-04   1.0094e-05   5.7222e-04   1.6623e-02   3.5393e-03   5.0705e-03  -1.1335e-02   1.5369e-02
   1.2500   0.3500   8.1948e-04   9.1721e-05   5.7410e-04   1.8560e-02   5.6626e-03   5.0871e-03  -1.1335e-02   1.5369e-02
   1.3500   0.4500   8.5677e-04   5.4901e-05   5.3838e-04   1.9223e-02   5.0122e-03   4.7707e-03  -1.1335e-02   1.5369e-02
El     12   SB3                                   PROP1     21      4      5
   1.0833   0.2500   8.7049e-04   2.9327e-05   7.5319e-04   1.9414e-02   4.5064e-03   6.6741e-03   4.4507e-04  -2.5589e-02
   1.0500   0.1500   8.2138e-04  -9.9463e-05   8.0827e-04   1.7755e-02   1.4358e-03   7.1622e-03   4.4507e-04  -2.5589e-02
   1.1500   0.2500   8.6951e-04   2.8945e-05   7.4939e-04   1.9390e-02   4.4937e-03   6.6404e-03   4.4507e-04  -2.5589e-02
   1.0500   0.3500   9.2108e-04   1.5833e-04   8.0729e-04   2.1106e-02   7.5884e-03   7.1535e-03   4.4507e-04  -2.5589e-02
El     13   SB3                                   PROP1      6      8      7
   1.7500   0.0833   1.1228e-03  -8.3617e-05   2.0918e-04   2.4503e-02   3.1223e-03   1.8535e-03  -3.2793e-03   1.3227e-02
   1.8500   0.0500   1.1414e-03  -5.5253e-05   2.0006e-04   2.5040e-02   3.8329e-03   1.7728e-03  -3.2793e-03   1.3227e-02
   1.7500   0.1500   1.1115e-03  -1.1274e-04   2.1004e-04   2.4123e-02   2.4269e-03   1.8612e-03  -3.2793e-03   1.3227e-02
   1.6500   0.0500   1.1107e-03  -6.8294e-05   2.2918e-04   2.4302e-02   3.4081e-03   2.0308e-03  -3.2793e-03   1.3227e-02
El     14   SB3                                   PROP1      7      8     25
   1.9167   0.2500   1.0385e-03  -4.0039e-05   6.6681e-05   2.2828e-02   3.7141e-03   5.9087e-04   1.2039e-03  -2.2907e-02
   1.9500   0.1500   9.9204e-04  -1.5720e-04   1.7200e-05   2.1280e-02   9.1287e-04   1.5241e-04   1.2039e-03  -2.2907e-02
   1.9500   0.3500   1.0810e-03   7.6532e-05   1.4549e-05   2.4285e-02   6.4846e-03   1.2892e-04   1.2039e-03  -2.2907e-02
   1.8500   0.2500   1.0411e-03  -3.9008e-05   7.1757e-05   2.2891e-02   3.7487e-03   6.3585e-04   1.2039e-03  -2.2907e-02
El     15   SB3                                   PROP1     25     23      7
   1.7500   0.4167   9.3194e-04   1.9429e-05   1.8963e-04   2.0731e-02   4.5594e-03   1.6803e-03  -3.6726e-03   1.4902e-02
   1.6500   0.4500   9.1079e-04  -1.2447e-05   1.9950e-04   2.0121e-02   3.7596e-03   1.7678e-03  -3.6726e-03   1.4902e-02
   1.7500   0.3500   9.4470e-04   5.2243e-05   1.8904e-04   2.1159e-02   5.3429e-03   1.6751e-03  -3.6726e-03   1.4902e-02
   1.8500   0.4500   9.4580e-04   2.0836e-06   1.6669e-04   2.0961e-02   4.2366e-03   1.4770e-03  -3.6726e-03   1.4902e-02
El     16   SB3                                   PROP1     23      6      7
   1.5833   0.2500   1.0156e-03  -2.3508e-05   3.3609e-04   2.2394e-02   3.9789e-03   2.9781e-03  -4.7142e-04  -2.3589e-02
   1.5500   0.1500   9.6897e-04  -1.4331e-04   3.8703e-04   2.0830e-02   1.1183e-03   3.4295e-03  -4.7142e-04  -2.3589e-02
   1.6500   0.2500   1.0166e-03  -2.3105e-05   3.3160e-04   2.2419e-02   3.9925e-03   2.9384e-03  -4.7142e-04  -2.3589e-02
   1.5500   0.3500   1.0607e-03   9.6064e-05   3.8807e-04   2.3923e-02   6.8275e-03   3.4387e-03  -4.7142e-04  -2.3589e-02
El     17   SB3                                   PROP1      8     10      9
   2.2500   0.0833   1.1228e-03  -8.3617e-05  -2.0918e-04   2.4503e-02   3.1223e-03  -1.8535e-03   3.2793e-03   1.3227e-02
   2.3500   0.0500   1.1107e-03  -6.8294e-05  -2.2918e-04   2.4302e-02   3.4081e-03  -2.0308e-03   3.2793e-03   1.3227e-02
   2.2500   0.1500   1.1115e-03  -1.1274e-04  -2.1004e-04   2.4123e-02   2.4269e-03  -1.8612e-03   3.2793e-03   1.3227e-02
   2.1500   0.0500   1.1414e-03  -5.5253e-05  -2.0006e-04   2.5040e-02   3.8329e-03  -1.7728e-03   3.2793e-03   1.3227e-02
El     18   SB3                                   PROP1      9     10     27
   2.4167   0.2500   1.0156e-03  -2.3508e-05  -3.3609e-04   2.2394e-02   3.9789e-03  -2.9781e-03   4.7142e-04  -2.3589e-02
   2.4500   0.1500   9.6897e-04  -1.4331e-04  -3.8703e-04   2.0830e-02   1.1183e-03  -3.4295e-03   4.7142e-04  -2.3589e-02
   2.4500   0.3500   1.0607e-03   9.6064e-05  -3.8807e-04   2.3923e-02   6.8275e-03  -3.4387e-03   4.7142e-04  -2.3589e-02
   2.3500   0.2500   1.0166e-03  -2.3105e-05  -3.3160e-04   2.2419e-02   3.9925e-03  -2.9384e-03   4.7142e-04  -2.3589e-02
El     19   SB3                                   PROP1     27     25      9
   2.2500   0.4167   9.3194e-04   1.9429e-05  -1.8963e-04   2.0731e-02   4.5594e-03  -1.6803e-03   3.6726e-03   1.4902e-02
   2.1500   0.4500   9.4580e-04   2.0836e-06  -1.6669e-04   2.0961e-02   4.2366e-03  -1.4770e-03   3.6726e-03   1.4902e-02
   2.2500   0.3500   9.4470e-04   5.2243e-05  -1.8904e-04   2.1159e-02   5.3429e-03  -1.6751e-03   3.6726e-03   1.4902e-02
   2.3500   0.4500   9.1079e-04  -1.2447e-05  -1.9950e-04   2.0121e-02   3.7596e-03  -1.7678e-03   3.6726e-03   1.4902e-02
El     20   SB3                                   PROP1     25      8      9
   2.0833   0.2500   1.0385e-03  -4.0039e-05  -6.6681e-05   2.2828e-02   3.7141e-03  -5.9087e-04  -1.2039e-03  -2.2907e-02
   2.0500   0.1500   9.9204e-04  -1.5720e-04  -1.7200e-05   2.1280e-02   9.1287e-04  -1.5241e-04  -1.2039e-03  -2.2907e-02
   2.1500   0.2500   1.0411e-03  -3.9008e-05  -7.1757e-05   2.2891e-02   3.7487e-03  -6.3585e-04  -1.2039e-03  -2.2907e-02
   2.0500   0.3500   1.0810e-03   7.6532e-05  -1.4549e-05   2.4285e-02   6.4846e-03  -1.2892e-04  -1.2039e-03  -2.2907e-02
El     21   SB3                                   PROP1     10     12     11
   2.7500   0.0833   1.0055e-03  -5.2071e-05  -6.3800e-04   2.2044e-02   3.3014e-03  -5.6534e-03   1.0187e-02   1.3693e-02
   2.8500   0.0500   9.6118e-04  -4.9706e-05  -6.7005e-04   2.1073e-02   3.1574e-03  -5.9374e-03   1.0187e-02   1.3693e-02
   2.7500   0.1500   9.9378e-04  -8.2223e-05  -6.4062e-04   2.1651e-02   2.5815e-03  -5.6766e-03   1.0187e-02   1.3693e-02
   2.6500   0.0500   1.0565e-03  -9.2072e-06  -6.3990e-04   2.3364e-02   4.4770e-03  -5.6702e-03   1.0187e-02   1.3693e-02
El     22   SB3                                   PROP1     11     12     29
   2.9167   0.2500   8.7049e-04   2.9327e-05  -7.5319e-04   1.9414e-02   4.5064e-03  -6.6741e-03  -4.4507e-04  -2.5589e-02
   2.9500   0.1500   8.2138e-04  -9.9463e-05  -8.0827e-04   1.7755e-02   1.4358e-03  -7.1622e-03  -4.4507e-04  -2.5589e-02
   2.9500   0.3500   9.2108e-04   1.5833e-04  -8.0729e-04   2.1106e-02   7.5884e-03  -7.1535e-03  -4.4507e-04  -2.5589e-02
   2.8500   0.2500   8.6951e-04   2.8945e-05  -7.4939e-04   1.9390e-02   4.4937e-03  -6.6404e-03  -4.4507e-04  -2.5589e-02
El     23   SB3                                   PROP1     29     27     11
   2.7500   0.4167   8.0632e-04   5.7879e-05  -5.7570e-04   1.8119e-02   4.8546e-03  -5.1013e-03   1.1335e-02   1.5369e-02
   2.6500   0.4500   8.5677e-04   5.4901e-05  -5.3838e-04   1.9223e-02   5.0122e-03  -4.7707e-03   1.1335e-02   1.5369e-02
   2.7500   0.3500   8.1948e-04   9.1721e-05  -5.7410e-04   1.8560e-02   5.6626e-03  -5.0871e-03   1.1335e-02   1.5369e-02
   2.8500   0.4500   7.4836e-04   1.0094e-05  -5.7222e-04   1.6623e-02   3.5393e-03  -5.0705e-03   1.1335e-02   1.5369e-02
El     24   SB3                                   PROP1     27     10     11
   2.5833   0.2500   9.4069e-04  -2.2878e-05  -4.7268e-04   2.0738e-02   3.6610e-03  -4.1884e-03  -2.1204e-03  -2.3440e-02
   2.5500   0.1500   8.9175e-04  -1.4350e-04  -4.2234e-04   1.9119e-02   7.7193e-04  -3.7424e-03  -2.1204e-03  -2.3440e-02
   2.6500   0.2500   9.4536e-04  -2.1062e-05  -4.7847e-04   2.0849e-02   3.7219e-03  -4.2397e-03  -2.1204e-03  -2.3440e-02
   2.5500   0.3500   9.8263e-04   9.6711e-05  -4.1767e-04   2.2196e-02   6.4960e-03  -3.7010e-03  -2.1204e-03  -2.3440e-02
El     25   SB3                                   PROP1     12     14     13
   3.2500   0.0833   7.5264e-04   1.9577e-05  -1.0967e-03   1.6760e-02   3.7683e-03  -9.7176e-03   1.9078e-02   1.3776e-02
   3.3500   0.0500   6.6547e-04   4.5435e-06  -1.1453e-03   1.4762e-02   3.0491e-03  -1.0148e-02   1.9078e-02   1.3776e-02
   3.2500   0.1500   7.4084e-04  -1.0757e-05  -1.1001e-03   1.6364e-02   3.0441e-03  -9.7485e-03   1.9078e-02   1.3776e-02
   3.1500   0.0500   8.4655e-04   8.0113e-05  -1.1149e-03   1.9108e-02   5.5254e-03  -9.8794e-03   1.9078e-02   1.3776e-02
El     26   SB3                                   PROP1     13     14     31
   3.4167   0.2500   5.8652e-04   1.3030e-04  -1.1852e-03   1.3570e-02   5.4851e-03  -1.0502e-02  -2.1243e-03  -2.6936e-02
   3.4500   0.1500   5.3754e-04  -4.7206e-06  -1.2449e-03   1.1887e-02   2.2770e-03  -1.1031e-02  -2.1243e-03  -2.6936e-02
   3.4500   0.3500   6.4252e-04   2.6636e-04  -1.2402e-03   1.5414e-02   8.7474e-03  -1.0989e-02  -2.1243e-03  -2.6936e-02
   3.3500   0.2500   5.8184e-04   1.2848e-04  -1.1814e-03   1.3459e-02   5.4241e-03  -1.0468e-02  -2.1243e-03  -2.6936e-02
El     27   SB3                                   PROP1     31     29     13
   3.2500   0.4167   5.4610e-04   1.4103e-04  -9.7578e-04   1.2722e-02   5.5438e-03  -8.6465e-03   2.0093e-02   1.5451e-02
   3.1500   0.4500   6.3812e-04   1.5526e-04  -9.2298e-04   1.4824e-02   6.2666e-03  -8.1786e-03   2.0093e-02   1.5451e-02
   3.2500   0.3500   5.5933e-04   1.7506e-04  -9.7261e-04   1.3166e-02   6.3561e-03  -8.6184e-03   2.0093e-02   1.5451e-02
   3.3500   0.4500   4.4652e-04   7.5771e-05  -9.5700e-04   1.0227e-02   3.6569e-03  -8.4801e-03   2.0093e-02   1.5451e-02
El     28   SB3                                   PROP1     29     12     13
   3.0833   0.2500   7.1158e-04   3.0949e-05  -8.9638e-04   1.5901e-02   3.8383e-03  -7.9429e-03  -3.7996e-03  -2.5464e-02
   3.0500   0.1500   6.5581e-04  -9.9231e-05  -8.4495e-04   1.4088e-02   7.0736e-04  -7.4872e-03  -3.7996e-03  -2.5464e-02
   3.1500   0.2500   7.1995e-04   3.4203e-05  -9.0127e-04   1.6100e-02   3.9475e-03  -7.9862e-03  -3.7996e-03  -2.5464e-02
   3.0500   0.3500   7.5481e-04   1.5927e-04  -8.3658e-04   1.7427e-02   6.8725e-03  -7.4130e-03  -3.7996e-03  -2.5464e-02
El     29   SB3                                   PROP1     14     16     15
   3.7500   0.0833   3.0089e-04   1.1041e-04  -1.5620e-03   7.1548e-03   3.7791e-03  -1.3841e-02   4.1125e-02   4.0508e-03
   3.8500   0.0500   1.2611e-04   3.3497e-05  -1.6131e-03   2.9420e-03   1.3008e-03  -1.4294e-02   4.1125e-02   4.0508e-03
   3.7500   0.1500   2.9742e-04   1.0149e-04  -1.5915e-03   7.0385e-03   3.5661e-03  -1.4103e-02   4.1125e-02   4.0508e-03
   3.6500   0.0500   4.7766e-04   2.0071e-04  -1.6042e-03   1.1471e-02   6.5625e-03  -1.4215e-02   4.1125e-02   4.0508e-03
El     30   SB3                                   PROP1     15     16     33
   3.9167   0.2500   1.1041e-04   3.0089e-04  -1.5620e-03   3.7791e-03   7.1548e-03  -1.3841e-02  -4.0508e-03  -4.1125e-02
   3.9500   0.1500   3.3497e-05   1.2611e-04  -1.6131e-03   1.3008e-03   2.9420e-03  -1.4294e-02  -4.0508e-03  -4.1125e-02
   3.9500   0.3500   2.0071e-04   4.7766e-04  -1.6042e-03   6.5625e-03   1.1471e-02  -1.4215e-02  -4.0508e-03  -4.1125e-02
   3.8500   0.2500   1.0149e-04   2.9742e-04  -1.5915e-03   3.5661e-03   7.0385e-03  -1.4103e-02  -4.0508e-03  -4.1125e-02
El     31   SB3                                   PROP1     33     31     15
   3.7500   0.4167   1.3330e-04   3.2314e-04  -1.3586e-03   4.3847e-03   7.7491e-03  -1.2039e-02   2.5319e-02   5.7262e-03
   3.6500   0.4500   2.7200e-04   3.6162e-04  -1.2818e-03   7.6278e-03   9.2159e-03  -1.1358e-02   2.5319e-02   5.7262e-03
   3.7500   0.3500   1.3821e-04   3.3575e-04  -1.3766e-03   4.5492e-03   8.0502e-03  -1.2198e-02   2.5319e-02   5.7262e-03
   3.8500   0.4500  -8.2017e-06   2.6576e-04  -1.2944e-03   9.9577e-04   5.8509e-03  -1.1470e-02   2.5319e-02   5.7262e-03
El     32   SB3                                   PROP1     31     14     15
   3.5833   0.2500   3.2314e-04   1.3330e-04  -1.3586e-03   7.7491e-03   4.3847e-03  -1.2039e-02  -5.7262e-03  -2.5319e-02
   3.5500   0.1500   2.6576e-04  -8.2017e-06  -1.2944e-03   5.8509e-03   9.9577e-04  -1.1470e-02  -5.7262e-03  -2.5319e-02
   3.6500   0.2500   3.3575e-04   1.3821e-04  -1.3766e-03   8.0502e-03   4.5492e-03  -1.2198e-02  -5.7262e-03  -2.5319e-02
   3.5500   0.3500   3.6162e-04   2.7200e-04  -1.2818e-03   9.2159e-03   7.6278e-03  -1.1358e-02  -5.7262e-03  -2.5319e-02
El     33   SB3                                   PROP1     17     19     18
   0.2500   0.5833   1.3030e-04   5.8652e-04   1.1852e-03   5.4851e-03   1.3570e-02   1.0502e-02  -2.6936e-02   2.1243e-03
   0.3500   0.5500   2.6636e-04   6.4252e-04   1.2402e-03   8.7474e-03   1.5414e-02   1.0989e-02  -2.6936e-02   2.1243e-03
   0.2500   0.6500   1.2848e-04   5.8184e-04   1.1814e-03   5.4241e-03   1.3459e-02   1.0468e-02  -2.6936e-02   2.1243e-03
   0.1500   0.5500  -4.7206e-06   5.3754e-04   1.2449e-03   2.2770e-03   1.1887e-02   1.1031e-02  -2.6936e-02   2.1243e-03
El     34   SB3                                   PROP1     18     19     36
   0.4167   0.7500   1.4103e-04   5.4610e-04   9.7578e-04   5.5438e-03   1.2722e-02   8.6465e-03   1.5451e-02  -2.0093e-02
   0.4500   0.6500   7.5771e-05   4.4652e-04   9.5700e-04   3.6569e-03   1.0227e-02   8.4801e-03   1.5451e-02  -2.0093e-02
   0.4500   0.8500   1.5526e-04   6.3812e-04   9.2298e-04   6.2666e-03   1.4824e-02   8.1786e-03   1.5451e-02  -2.0093e-02
   0.3500   0.7500   1.7506e-04   5.5933e-04   9.7261e-04   6.3561e-03   1.3166e-02   8.6184e-03   1.5451e-02  -2.0093e-02
El     35   SB3                                   PROP1     36     34     18
   0.2500   0.9167   3.0949e-05   7.1158e-04   8.9638e-04   3.8383e-03   1.5901e-02   7.9429e-03  -2.5464e-02   3.7996e-03
   0.1500   0.9500  -9.9231e-05   6.5581e-04   8.4495e-04   7.0736e-04   1.4088e-02   7.4872e-03  -2.5464e-02   3.7996e-03
   0.2500   0.8500   3.4203e-05   7.1995e-04   9.0127e-04   3.9475e-03   1.6100e-02   7.9862e-03  -2.5464e-02   3.7996e-03
   0.3500   0.9500   1.5927e-04   7.5481e-04   8.3658e-04   6.8725e-03   1.7427e-02   7.4130e-03  -2.5464e-02   3.7996e-03
El     36   SB3                                   PROP1     34     17     18
   0.0833   0.7500   1.9577e-05   7.5264e-04   1.0967e-03   3.7683e-03   1.6760e-02   9.7176e-03   1.3776e-02  -1.9078e-02
   0.0500   0.6500   4.5435e-06   6.6547e-04   1.1453e-03   3.0491e-03   1.4762e-02   1.0148e-02   1.3776e-02  -1.9078e-02
   0.1500   0.7500  -1.0757e-05   7.4084e-04   1.1001e-03   3.0441e-03   1.6364e-02   9.7485e-03   1.3776e-02  -1.9078e-02
   0.0500   0.8500   8.0113e-05   8.4655e-04   1.1149e-03   5.5254e-03   1.9108e-02   9.8794e-03   1.3776e-02  -1.9078e-02
El     37   SB3                                   PROP1     19     21     20
   0.7500   0.5833   5.3697e-04   4.1627e-04   8.8075e-04   1.3740e-02   1.1601e-02   7.8044e-03  -1.9485e-02   8.4225e-03
   0.8500   0.5500   6.3655e-04   4.6821e-04   9.1221e-04   1.6176e-02   1.3192e-02   8.0832e-03  -1.9485e-02   8.4225e-03
   0.7500   0.6500   5.2976e-04   3.9772e-04   8.7858e-04   1.3498e-02   1.1158e-02   7.7852e-03  -1.9485e-02   8.4225e-03
   0.6500   0.5500   4.4152e-04   3.9215e-04   9.3076e-04   1.1518e-02   1.0643e-02   8.2476e-03  -1.9485e-02   8.4225e-03
El     38   SB3                                   PROP1     20     21     38
   0.9167   0.7500   5.1417e-04   3.9411e-04   6.8471e-04   1.3136e-02   1.1009e-02   6.0673e-03   1.0098e-02  -1.9672e-02
   0.9500   0.6500   4.5904e-04   2.9370e-04   6.5537e-04   1.1470e-02   8.5401e-03   5.8073e-03   1.0098e-02  -1.9672e-02
   0.9500   0.8500   5.3595e-04   4.8957e-04   6.3314e-04   1.4042e-02   1.3220e-02   5.6103e-03   1.0098e-02  -1.9672e-02
   0.8500   0.7500   5.3641e-04   4.0275e-04   6.8632e-04   1.3667e-02   1.1299e-02   6.0815e-03   1.0098e-02  -1.9672e-02
El     39   SB3                                   PROP1     38     36     20
   0.7500   0.9167   3.9411e-04   5.1417e-04   6.8471e-04   1.1009e-02   1.3136e-02   6.0673e-03  -1.9672e-02   1.0098e-02
   0.6500   0.9500   2.9370e-04   4.5904e-04   6.5537e-04   8.5401e-03   1.1470e-02   5.8073e-03  -1.9672e-02   1.0098e-02
   0.7500   0.8500   4.0275e-04   5.3641e-04   6.8632e-04   1.1299e-02   1.3667e-02   6.0815e-03  -1.9672e-02   1.0098e-02
   0.8500   0.9500   4.8957e-04   5.3595e-04   6.3314e-04   1.3220e-02   1.4042e-02   5.6103e-03  -1.9672e-02   1.0098e-02
El     40   SB3                                   PROP1     36     19     20
   0.5833   0.7500   4.1627e-04   5.3697e-04   8.8075e-04   1.1601e-02   1.3740e-02   7.8044e-03   8.4225e-03  -1.9485e-02
   0.5500   0.6500   3.9215e-04   4.4152e-04   9.3076e-04   1.0643e-02   1.1518e-02   8.2476e-03   8.4225e-03  -1.9485e-02
   0.6500   0.7500   3.9772e-04   5.2976e-04   8.7858e-04   1.1158e-02   1.3498e-02   7.7852e-03   8.4225e-03  -1.9485e-02
   0.5500   0.8500   4.6821e-04   6.3655e-04   9.1221e-04   1.3192e-02   1.6176e-02   8.0832e-03   8.4225e-03  -1.9485e-02
El     41   SB3                                   PROP1     21     23     22
   1.2500   0.5833   7.9667e-04   3.0560e-04   5.2328e-04   1.9002e-02   1.0300e-02   4.6368e-03  -1.1116e-02   9.8804e-03
   1.3500   0.5500   8.5391e-04   3.4370e-04   5.3458e-04   2.0439e-02   1.1397e-02   4.7370e-03  -1.1116e-02   9.8804e-03
   1.2500   0.6500   7.8821e-04   2.8384e-04   5.2296e-04   1.8719e-02   9.7801e-03   4.6340e-03  -1.1116e-02   9.8804e-03
   1.1500   0.5500   7.4427e-04   3.0013e-04   5.5634e-04   1.7817e-02   9.9462e-03   4.9298e-03  -1.1116e-02   9.8804e-03
El     42   SB3                                   PROP1     22     23     40
   1.4167   0.7500   7.5145e-04   3.1055e-04   3.6842e-04   1.8023e-02   1.0209e-02   3.2646e-03   5.4718e-03  -1.8458e-02
   1.4500   0.6500   7.0655e-04   2.1542e-04   3.3400e-04   1.6606e-02   7.9025e-03   2.9596e-03   5.4718e-03  -1.8458e-02
   1.4500   0.8500   7.7829e-04   4.0300e-04   3.2195e-04   1.9027e-02   1.2376e-02   2.8528e-03   5.4718e-03  -1.8458e-02
   1.3500   0.7500   7.6350e-04   3.1523e-04   3.7209e-04   1.8310e-02   1.0366e-02   3.2971e-03   5.4718e-03  -1.8458e-02
El     43   SB3                                   PROP1     40     38     22
   1.2500   0.9167   6.4608e-04   3.9310e-04   4.1785e-04   1.6054e-02   1.1571e-02   3.7027e-03  -1.1833e-02   1.1556e-02
   1.1500   0.9500   5.8468e-04   3.5085e-04   4.0668e-04   1.4507e-02   1.0363e-02   3.6036e-03  -1.1833e-02   1.1556e-02
   1.2500   0.8500   6.5598e-04   4.1855e-04   4.1844e-04   1.6386e-02   1.2178e-02   3.7078e-03  -1.1833e-02   1.1556e-02
   1.3500   0.9500   7.0183e-04   3.9719e-04   3.8123e-04   1.7307e-02   1.1908e-02   3.3782e-03  -1.1833e-02   1.1556e-02
El     44   SB3                                   PROP1     38     21     22
   1.0833   0.7500   6.9066e-04   3.8880e-04   5.7930e-04   1.7023e-02   1.1673e-02   5.1333e-03   3.7964e-03  -1.9528e-02
   1.0500   0.6500   6.5888e-04   2.9138e-04   6.2512e-04   1.5887e-02   9.3742e-03   5.5392e-03   3.7964e-03  -1.9528e-02
   1.1500   0.7500   6.8230e-04   3.8554e-04   5.7643e-04   1.6823e-02   1.1564e-02   5.1079e-03   3.7964e-03  -1.9528e-02
   1.0500   0.8500   7.3497e-04   4.8807e-04   6.1676e-04   1.8444e-02   1.4068e-02   5.4651e-03   3.7964e-03  -1.9528e-02
El     45   SB3                                   PROP1     23     25     24
   1.7500   0.5833   9.2237e-04   2.5476e-04   1.7286e-04   2.1562e-02   9.7303e-03   1.5317e-03  -3.5982e-03   1.0133e-02
   1.8500   0.5500   9.4256e-04   2.7855e-04   1.6884e-04   2.2115e-02   1.0347e-02   1.4961e-03  -3.5982e-03   1.0133e-02
   1.7500   0.6500   9.1369e-04   2.3245e-04   1.7279e-04   2.1271e-02   9.1976e-03   1.5311e-03  -3.5982e-03   1.0133e-02
   1.6500   0.5500   9.0713e-04   2.6444e-04   1.9115e-04   2.1267e-02   9.8772e-03   1.6938e-03  -3.5982e-03   1.0133e-02
El     46   SB3                                   PROP1     24     25     42
   1.9167   0.7500   8.5754e-04   2.8323e-04   5.2153e-05   2.0252e-02   1.0074e-02   4.6213e-04   2.2598e-03  -1.8062e-02
   1.9500   0.6500   8.1873e-04   1.9071e-04   1.4817e-05   1.8982e-02   7.8522e-03   1.3129e-04   2.2598e-03  -1.8062e-02
   1.9500   0.8500   8.8888e-04   3.7465e-04   9.8409e-06   2.1351e-02   1.2238e-02   8.7202e-05   2.2598e-03  -1.8062e-02
   1.8500   0.7500   8.6251e-04   2.8517e-04   5.5950e-05   2.0371e-02   1.0139e-02   4.9578e-04   2.2598e-03  -1.8062e-02
El     47   SB3                                   PROP1     42     40     24
   1.7500   0.9167   7.7297e-04   3.3606e-04   1.3944e-04   1.8612e-02   1.0869e-02   1.2356e-03  -3.9337e-03   1.1808e-02
   1.6500   0.9500   7.5072e-04   3.0884e-04   1.4464e-04   1.7999e-02   1.0168e-02   1.2817e-03  -3.9337e-03   1.1808e-02
   1.7500   0.8500   7.8308e-04   3.6206e-04   1.3950e-04   1.8952e-02   1.1490e-02   1.2361e-03  -3.9337e-03   1.1808e-02
   1.8500   0.9500   7.8944e-04   3.2427e-04   1.1864e-04   1.8925e-02   1.0681e-02   1.0513e-03  -3.9337e-03   1.1808e-02
El     48   SB3                                   PROP1     40     23     24
   1.5833   0.7500   8.3716e-04   3.0823e-04   2.6287e-04   1.9911e-02   1.0537e-02   2.3293e-03   5.8445e-04  -1.8467e-02
   1.5500   0.6500   8.0223e-04   2.1461e-04   3.0388e-04   1.8722e-02   8.3085e-03   2.6928e-03   5.8445e-04  -1.8467e-02
   1.6500   0.7500   8.3587e-04   3.0773e-04   2.5929e-04   1.9880e-02   1.0520e-02   2.2976e-03   5.8445e-04  -1.8467e-02
   1.5500   0.8500   8.7402e-04   4.0214e-04   3.0260e-04   2.1144e-02   1.2781e-02   2.6814e-03   5.8445e-04  -1.8467e-02
El     49   SB3                                   PROP1     25     27     26
   2.2500   0.5833   9.2237e-04   2.5476e-04  -1.7286e-04   2.1562e-02   9.7303e-03  -1.5317e-03   3.5982e-03   1.0133e-02
   2.3500   0.5500   9.0713e-04   2.6444e-04  -1.9115e-04   2.1267e-02   9.8772e-03  -1.6938e-03   3.5982e-03   1.0133e-02
   2.2500   0.6500   9.1369e-04   2.3245e-04  -1.7279e-04   2.1271e-02   9.1976e-03  -1.5311e-03   3.5982e-03   1.0133e-02
   2.1500   0.5500   9.4256e-04   2.7855e-04  -1.6884e-04   2.2115e-02   1.0347e-02  -1.4961e-03   3.5982e-03   1.0133e-02
El     50   SB3                                   PROP1     26     27     44
   2.4167   0.7500   8.3716e-04   3.0823e-04  -2.6287e-04   1.9911e-02   1.0537e-02  -2.3293e-03  -5.8445e-04  -1.8467e-02
   2.4500   0.6500   8.0223e-04   2.1461e-04  -3.0388e-04   1.8722e-02   8.3085e-03  -2.6928e-03  -5.8445e-04  -1.8467e-02
   2.4500   0.8500   8.7402e-04   4.0214e-04  -3.0260e-04   2.1144e-02   1.2781e-02  -2.6814e-03  -5.8445e-04  -1.8467e-02
   2.3500   0.7500   8.3587e-04   3.0773e-04  -2.5929e-04   1.9880e-02   1.0520e-02  -2.2976e-03  -5.8445e-04  -1.8467e-02
El     51   SB3                                   PROP1     44     42     26
   2.2500   0.9167   7.7297e-04   3.3606e-04  -1.3944e-04   1.8612e-02   1.0869e-02  -1.2356e-03   3.9337e-03   1.1808e-02
   2.1500   0.9500   7.8944e-04   3.2427e-04  -1.1864e-04   1.8925e-02   1.0681e-02  -1.0513e-03   3.9337e-03   1.1808e-02
   2.2500   0.8500   7.8308e-04   3.6206e-04  -1.3950e-04   1.8952e-02   1.1490e-02  -1.2361e-03   3.9337e-03   1.1808e-02
   2.3500   0.9500   7.5072e-04   3.0884e-04  -1.4464e-04   1.7999e-02   1.0168e-02  -1.2817e-03   3.9337e-03   1.1808e-02
El     52   SB3                                   PROP1     42     25     26
   2.0833   0.7500   8.5754e-04   2.8323e-04  -5.2153e-05   2.0252e-02   1.0074e-02  -4.6213e-04  -2.2598e-03  -1.8062e-02
   2.0500   0.6500   8.1873e-04   1.9071e-04  -1.4817e-05   1.8982e-02   7.8522e-03  -1.3129e-04  -2.2598e-03  -1.8062e-02
   2.1500   0.7500   8.6251e-04   2.8517e-04  -5.5950e-05   2.0371e-02   1.0139e-02  -4.9578e-04  -2.2598e-03  -1.8062e-02
   2.0500   0.8500   8.8888e-04   3.7465e-04  -9.8409e-06   2.1351e-02   1.2238e-02  -8.7202e-05  -2.2598e-03  -1.8062e-02
El     53   SB3                                   PROP1     27     29     28
   2.7500   0.5833   7.9667e-04   3.0560e-04  -5.2328e-04   1.9002e-02   1.0300e-02  -4.6368e-03   1.1116e-02   9.8804e-03
   2.8500   0.5500   7.4427e-04   3.0013e-04  -5.5634e-04   1.7817e-02   9.9462e-03  -4.9298e-03   1.1116e-02   9.8804e-03
   2.7500   0.6500   7.8821e-04   2.8384e-04  -5.2296e-04   1.8719e-02   9.7801e-03  -4.6340e-03   1.1116e-02   9.8804e-03
   2.6500   0.5500   8.5391e-04   3.4370e-04  -5.3458e-04   2.0439e-02   1.1397e-02  -4.7370e-03   1.1116e-02   9.8804e-03
El     54   SB3                                   PROP1     28     29     46
   2.9167   0.7500   6.9066e-04   3.8880e-04  -5.7930e-04   1.7023e-02   1.1673e-02  -5.1333e-03  -3.7964e-03  -1.9528e-02
   2.9500   0.6500   6.5888e-04   2.9138e-04  -6.2512e-04   1.5887e-02   9.3742e-03  -5.5392e-03  -3.7964e-03  -1.9528e-02
   2.9500   0.8500   7.3497e-04   4.8807e-04  -6.1676e-04   1.8444e-02   1.4068e-02  -5.4651e-03  -3.7964e-03  -1.9528e-02
   2.8500   0.7500   6.8230e-04   3.8554e-04  -5.7643e-04   1.6823e-02   1.1564e-02  -5.1079e-03  -3.7964e-03  -1.9528e-02
El     55   SB3                                   PROP1     46     44     28
   2.7500   0.9167   6.4608e-04   3.9310e-04  -4.1785e-04   1.6054e-02   1.1571e-02  -3.7027e-03   1.1833e-02   1.1556e-02
   2.6500   0.9500   7.0183e-04   3.9719e-04  -3.8123e-04   1.7307e-02   1.1908e-02  -3.3782e-03   1.1833e-02   1.1556e-02
   2.7500   0.8500   6.5598e-04   4.1855e-04  -4.1844e-04   1.6386e-02   1.2178e-02  -3.7078e-03   1.1833e-02   1.1556e-02
   2.8500   0.9500   5.8468e-04   3.5085e-04  -4.0668e-04   1.4507e-02   1.0363e-02  -3.6036e-03   1.1833e-02   1.1556e-02
El     56   SB3                                   PROP1     44     27     28
   2.5833   0.7500   7.5145e-04   3.1055e-04  -3.6842e-04   1.8023e-02   1.0209e-02  -3.2646e-03  -5.4718e-03  -1.8458e-02
   2.5500   0.6500   7.0655e-04   2.1542e-04  -3.3400e-04   1.6606e-02   7.9025e-03  -2.9596e-03  -5.4718e-03  -1.8458e-02
   2.6500   0.7500   7.6350e-04   3.1523e-04  -3.7209e-04   1.8310e-02   1.0366e-02  -3.2971e-03  -5.4718e-03  -1.8458e-02
   2.5500   0.8500   7.7829e-04   4.0300e-04  -3.2195e-04   1.9027e-02   1.2376e-02  -2.8528e-03  -5.4718e-03  -1.8458e-02
El     57   SB3                                   PROP1     29     31     30
   3.2500   0.5833   5.3697e-04   4.1627e-04  -8.8075e-04   1.3740e-02   1.1601e-02  -7.8044e-03   1.9485e-02   8.4225e-03
   3.3500   0.5500   4.4152e-04   3.9215e-04  -9.3076e-04   1.1518e-02   1.0643e-02  -8.2476e-03   1.9485e-02   8.4225e-03
   3.2500   0.6500   5.2976e-04   3.9772e-04  -8.7858e-04   1.3498e-02   1.1158e-02  -7.7852e-03   1.9485e-02   8.4225e-03
   3.1500   0.5500   6.3655e-04   4.6821e-04  -9.1221e-04   1.6176e-02   1.3192e-02  -8.0832e-03   1.9485e-02   8.4225e-03
El     58   SB3                                   PROP1     30     31     48
   3.4167   0.7500   4.1627e-04   5.3697e-04  -8.8075e-04   1.1601e-02   1.3740e-02  -7.8044e-03  -8.4225e-03  -1.9485e-02
   3.4500   0.6500   3.9215e-04   4.4152e-04  -9.3076e-04   1.0643e-02   1.1518e-02  -8.2476e-03  -8.4225e-03  -1.9485e-02
   3.4500   0.8500   4.6821e-04   6.3655e-04  -9.1221e-04   1.3192e-02   1.6176e-02  -8.0832e-03  -8.4225e-03  -1.9485e-02
   3.3500   0.7500   3.9772e-04   5.2976e-04  -8.7858e-04   1.1158e-02   1.3498e-02  -7.7852e-03  -8.4225e-03  -1.9485e-02
El     59   SB3                                   PROP1     48     46     30
   3.2500   0.9167   3.9411e-04   5.1417e-04  -6.8471e-04   1.1009e-02   1.3136e-02  -6.0673e-03   1.9672e-02   1.0098e-02
   3.1500   0.9500   4.8957e-04   5.3595e-04  -6.3314e-04   1.3220e-02   1.4042e-02  -5.6103e-03   1.9672e-02   1.0098e-02
   3.2500   0.8500   4.0275e-04   5.3641e-04  -6.8632e-04   1.1299e-02   1.3667e-02  -6.0815e-03   1.9672e-02   1.0098e-02
   3.3500   0.9500   2.9370e-04   4.5904e-04  -6.5537e-04   8.5401e-03   1.1470e-02  -5.8073e-03   1.9672e-02   1.0098e-02
El     60   SB3                                   PROP1     46     29     30
   3.0833   0.7500   5.1417e-04   3.9411e-04  -6.8471e-04   1.3136e-02   1.1009e-02  -6.0673e-03  -1.0098e-02  -1.9672e-02
   3.0500   0.6500   4.5904e-04   2.9370e-04  -6.5537e-04   1.1470e-02   8.5401e-03  -5.8073e-03  -1.0098e-02  -1.9672e-02
   3.1500   0.7500   5.3641e-04   4.0275e-04  -6.8632e-04   1.3667e-02   1.1299e-02  -6.0815e-03  -1.0098e-02  -1.9672e-02
   3.0500   0.8500   5.3595e-04   4.8957e-04  -6.3314e-04   1.4042e-02   1.3220e-02  -5.6103e-03  -1.0098e-02  -1.9672e-02
El     61   SB3                                   PROP1     31     33     32
   3.7500   0.5833   1.3030e-04   5.8652e-04  -1.1852e-03   5.4851e-03   1.3570e-02  -1.0502e-02   2.6936e-02   2.1243e-03
   3.8500   0.5500  -4.7206e-06   5.3754e-04  -1.2449e-03   2.2770e-03   1.1887e-02  -1.1031e-02   2.6936e-02   2.1243e-03
   3.7500   0.6500   1.2848e-04   5.8184e-04  -1.1814e-03   5.4241e-03   1.3459e-02  -1.0468e-02   2.6936e-02   2.1243e-03
   3.6500   0.5500   2.6636e-04   6.4252e-04  -1.2402e-03   8.7474e-03   1.5414e-02  -1.0989e-02   2.6936e-02   2.1243e-03
El     62   SB3                                   PROP1     32     33     50
   3.9167   0.7500   1.9577e-05   7.5264e-04  -1.0967e-03   3.7683e-03   1.6760e-02  -9.7176e-03  -1.3776e-02  -1.9078e-02
   3.9500   0.6500   4.5435e-06   6.6547e-04  -1.1453e-03   3.0491e-03   1.4762e-02  -1.0148e-02  -1.3776e-02  -1.9078e-02
   3.9500   0.8500   8.0113e-05   8.4655e-04  -1.1149e-03   5.5254e-03   1.9108e-02  -9.8794e-03  -1.3776e-02  -1.9078e-02
   3.8500   0.7500  -1.0757e-05   7.4084e-04  -1.1001e-03   3.0441e-03   1.6364e-02  -9.7485e-03  -1.3776e-02  -1.9078e-02
El     63   SB3                                   PROP1     50     48     32
   3.7500   0.9167   3.0949e-05   7.1158e-04  -8.9638e-04   3.8383e-03   1.5901e-02  -7.9429e-03   2.5464e-02   3.7996e-03
   3.6500   0.9500   1.5927e-04   7.5481e-04  -8.3658e-04   6.8725e-03   1.7427e-02  -7.4130e-03   2.5464e-02   3.7996e-03
   3.7500   0.8500   3.4203e-05   7.1995e-04  -9.0127e-04   3.9475e-03   1.6100e-02  -7.9862e-03   2.5464e-02   3.7996e-03
   3.8500   0.9500  -9.9231e-05   6.5581e-04  -8.4495e-04   7.0736e-04   1.4088e-02  -7.4872e-03   2.5464e-02   3.7996e-03
El     64   SB3                                   PROP1     48     31     32
   3.5833   0.7500   1.4103e-04   5.4610e-04  -9.7578e-04   5.5438e-03   1.2722e-02  -8.6465e-03  -1.5451e-02  -2.0093e-02
   3.5500   0.6500   7.5771e-05   4.4652e-04  -9.5700e-04   3.6569e-03   1.0227e-02  -8.4801e-03  -1.5451e-02  -2.0093e-02
   3.6500   0.7500   1.7506e-04   5.5933e-04  -9.7261e-04   6.3561e-03   1.3166e-02  -8.6184e-03  -1.5451e-02  -2.0093e-02
   3.5500   0.8500   1.5526e-04   6.3812e-04  -9.2298e-04   6.2666e-03   1.4824e-02  -8.1786e-03  -1.5451e-02  -2.0093e-02
El     65   SB3                                   PROP1     34     36     35
   0.2500   1.0833   2.9327e-05   8.7049e-04   7.5319e-04   4.5064e-03   1.9414e-02   6.6741e-03  -2.5589e-02   4.4507e-04
   0.3500   1.0500   1.5833e-04   9.2108e-04   8.0729e-04   7.5884e-03   2.1106e-02   7.1535e-03  -2.5589e-02   4.4507e-04
   0.2500   1.1500   2.8945e-05   8.6951e-04   7.4939e-04   4.4937e-03   1.9390e-02   6.6404e-03  -2.5589e-02   4.4507e-04
   0.1500   1.0500  -9.9463e-05   8.2138e-04   8.0827e-04   1.4358e-03   1.7755e-02   7.1622e-03  -2.5589e-02   4.4507e-04
El     66   SB3                                   PROP1     35     36     53
   0.4167   1.2500   5.7879e-05   8.0632e-04   5.7570e-04   4.8546e-03   1.8119e-02   5.1013e-03   1.5369e-02  -1.1335e-02
   0.4500   1.1500   1.0094e-05   7.4836e-04   5.7222e-04   3.5393e-03   1.6623e-02   5.0705e-03   1.5369e-02  -1.1335e-02
   0.4500   1.3500   5.4901e-05   8.5677e-04   5.3838e-04   5.0122e-03   1.9223e-02   4.7707e-03   1.5369e-02  -1.1335e-02
   0.3500   1.2500   9.1721e-05   8.1948e-04   5.7410e-04   5.6626e-03   1.8560e-02   5.0871e-03   1.5369e-02  -1.1335e-02
El     67   SB3                                   PROP1     53     51     35
   0.2500   1.4167  -2.2878e-05   9.4069e-04   4.7268e-04   3.6610e-03   2.0738e-02   4.1884e-03  -2.3440e-02   2.1204e-03
   0.1500   1.4500  -1.4350e-04   8.9175e-04   4.2234e-04   7.7193e-04   1.9119e-02   3.7424e-03  -2.3440e-02   2.1204e-03
   0.2500   1.3500  -2.1062e-05   9.4536e-04   4.7847e-04   3.7219e-03   2.0849e-02   4.2397e-03  -2.3440e-02   2.1204e-03
   0.3500   1.4500   9.6711e-05   9.8263e-04   4.1767e-04   6.4960e-03   2.2196e-02   3.7010e-03  -2.3440e-02   2.1204e-03
El     68   SB3                                   PROP1     51     34     35
   0.0833   1.2500  -5.2071e-05   1.0055e-03   6.3800e-04   3.3014e-03   2.2044e-02   5.6534e-03   1.3693e-02  -1.0187e-02
   0.0500   1.1500  -4.9706e-05   9.6118e-04   6.7005e-04   3.1574e-03   2.1073e-02   5.9374e-03   1.3693e-02  -1.0187e-02
   0.1500   1.2500  -8.2223e-05   9.9378e-04   6.4062e-04   2.5815e-03   2.1651e-02   5.6766e-03   1.3693e-02  -1.0187e-02
   0.0500   1.3500  -9.2072e-06   1.0565e-03   6.3990e-04   4.4770e-03   2.3364e-02   5.6702e-03   1.3693e-02  -1.0187e-02
El     69   SB3                                   PROP1     36     38     37
   0.7500   1.0833   3.8880e-04   6.9066e-04   5.7930e-04   1.1673e-02   1.7023e-02   5.1333e-03  -1.9528e-02   3.7964e-03
   0.8500   1.0500   4.8807e-04   7.3497e-04   6.1676e-04   1.4068e-02   1.8444e-02   5.4651e-03  -1.9528e-02   3.7964e-03
   0.7500   1.1500   3.8554e-04   6.8230e-04   5.7643e-04   1.1564e-02   1.6823e-02   5.1079e-03  -1.9528e-02   3.7964e-03
   0.6500   1.0500   2.9138e-04   6.5888e-04   6.2512e-04   9.3742e-03   1.5887e-02   5.5392e-03  -1.9528e-02   3.7964e-03
El     70   SB3                                   PROP1     37     38     55
   0.9167   1.2500   3.9310e-04   6.4608e-04   4.1785e-04   1.1571e-02   1.6054e-02   3.7027e-03   1.1556e-02  -1.1833e-02
   0.9500   1.1500   3.5085e-04   5.8468e-04   4.0668e-04   1.0363e-02   1.4507e-02   3.6036e-03   1.1556e-02  -1.1833e-02
   0.9500   1.3500   3.9719e-04   7.0183e-04   3.8123e-04   1.1908e-02   1.7307e-02   3.3782e-03   1.1556e-02  -1.1833e-02
   0.8500   1.2500   4.1855e-04   6.5598e-04   4.1844e-04   1.2178e-02   1.6386e-02   3.7078e-03   1.1556e-02  -1.1833e-02
El     71   SB3                                   PROP1     55     53     37
