Time   0.8000
El      1     SB3                                   PROP1                                    MAT2              NLSLAB      1      3      2
   0.5000   0.1667  -1.9750e-03  -2.2207e-03  -3.3371e-02  -8.0975e-03  -9.1048e-03  -6.8411e-02   9.3561e-03   2.8861e-02
   0.7000   0.1000  -1.9484e-03  -1.9209e-03  -3.3375e-02  -7.9884e-03  -7.8759e-03  -6.8419e-02   9.3561e-03   2.8861e-02
   0.5000   0.3000  -2.2488e-03  -2.9246e-03  -3.3833e-02  -9.2199e-03  -1.1991e-02  -6.9357e-02   9.3561e-03   2.8861e-02
   0.3000   0.1000  -1.8452e-03  -1.4645e-03  -3.2671e-02  -7.5653e-03  -6.0046e-03  -6.6976e-02   9.3561e-03   2.8861e-02
El      2     SB3                                   PROP1                                    MAT2              NLSLAB      2      3     12
   0.8333   0.5000   1.3919e-03   1.0959e-03  -2.6790e-02   1.0495e-02   8.2631e-03  -1.0100e-01   3.1234e-02  -1.0831e-02
   0.9000   0.3000   9.3754e-04   7.2963e-04  -2.6683e-02   7.0691e-03   5.5014e-03  -1.0060e-01   3.1234e-02  -1.0831e-02
   0.9000   0.7000   1.2248e-03   1.3701e-03  -2.7098e-02   9.2354e-03   1.0331e-02  -1.0216e-01   3.1234e-02  -1.0831e-02
   0.7000   0.5000   1.8061e-03   1.2570e-03  -2.6825e-02   1.3618e-02   9.4778e-03  -1.0113e-01   3.1234e-02  -1.0831e-02
El      3     SB3                                   PROP1                                    MAT2              NLSLAB     12     10      2
   0.5000   0.8333   1.0959e-03   1.3919e-03  -2.6790e-02   8.2631e-03   1.0495e-02  -1.0100e-01  -1.0831e-02   3.1234e-02
   0.3000   0.9000   7.2963e-04   9.3754e-04  -2.6683e-02   5.5014e-03   7.0691e-03  -1.0060e-01  -1.0831e-02   3.1234e-02
   0.5000   0.7000   1.2570e-03   1.8061e-03  -2.6825e-02   9.4778e-03   1.3618e-02  -1.0113e-01  -1.0831e-02   3.1234e-02
   0.7000   0.9000   1.3701e-03   1.2248e-03  -2.7098e-02   1.0331e-02   9.2354e-03  -1.0216e-01  -1.0831e-02   3.1234e-02
El      4     SB3                                   PROP1                                    MAT2              NLSLAB     10      1      2
   0.1667   0.5000  -2.2207e-03  -1.9750e-03  -3.3371e-02  -9.1048e-03  -8.0975e-03  -6.8411e-02   2.8861e-02   9.3561e-03
   0.1000   0.3000  -1.4645e-03  -1.8452e-03  -3.2671e-02  -6.0046e-03  -7.5653e-03  -6.6976e-02   2.8861e-02   9.3561e-03
   0.3000   0.5000  -2.9246e-03  -2.2488e-03  -3.3833e-02  -1.1991e-02  -9.2199e-03  -6.9357e-02   2.8861e-02   9.3561e-03
   0.1000   0.7000  -1.9209e-03  -1.9484e-03  -3.3375e-02  -7.8759e-03  -7.9884e-03  -6.8419e-02   2.8861e-02   9.3561e-03
El      5     SB3                                   PROP1                                    MAT2              NLSLAB      3      5      4
   1.5000   0.1667   8.9309e-04   1.4574e-04  -2.7651e-02   6.7339e-03   1.0989e-03  -1.0424e-01   1.5259e-01  -9.3510e-02
   1.7000   0.1000  -5.7084e-04  -5.6450e-04  -2.7788e-02  -2.3405e-03  -2.3145e-03  -5.6965e-02   1.5259e-01  -9.3510e-02
   1.5000   0.3000   7.6863e-04  -1.7429e-04  -2.8430e-02   5.7955e-03  -7.1259e-04  -1.0045e-01   1.5259e-01  -9.3510e-02
   1.3000   0.1000   2.4281e-03   1.3360e-03  -2.7468e-02   1.8308e-02   1.0074e-02  -1.0355e-01   1.5259e-01  -9.3510e-02
El      6     SB3                                   PROP1                                    MAT2              NLSLAB      4      5     14
   1.8333   0.5000   1.2420e-03   1.2916e-03  -2.4953e-02   9.3646e-03   9.7390e-03  -9.4073e-02   2.1959e-02  -1.6900e-02
   1.9000   0.3000   7.9944e-04   1.1994e-03  -2.4475e-02   6.0278e-03   9.0436e-03  -9.2272e-02   2.1959e-02  -1.6900e-02
   1.9000   0.7000   1.2477e-03   1.3192e-03  -2.4767e-02   9.4077e-03   9.9464e-03  -9.3370e-02   2.1959e-02  -1.6900e-02
   1.7000   0.5000   1.5332e-03   1.4049e-03  -2.5398e-02   1.1560e-02   1.0593e-02  -9.5750e-02   2.1959e-02  -1.6900e-02
El      7     SB3                                   PROP1                                    MAT2              NLSLAB     14     12      4
   1.5000   0.8333   2.2212e-03   2.1193e-03  -2.6929e-02   1.6748e-02   1.5980e-02  -1.0152e-01  -1.8636e-02  -1.9305e-02
   1.3000   0.9000   1.9080e-03   2.0642e-03  -2.6997e-02   1.4386e-02   1.5564e-02  -1.0178e-01  -1.8636e-02  -1.9305e-02
   1.5000   0.7000   2.1216e-03   1.8633e-03  -2.7175e-02   1.5997e-02   1.4049e-02  -1.0245e-01  -1.8636e-02  -1.9305e-02
   1.7000   0.9000   2.5913e-03   2.5585e-03  -2.6741e-02   1.9538e-02   1.9291e-02  -1.0081e-01  -1.8636e-02  -1.9305e-02
El      8     SB3                                   PROP1                                    MAT2              NLSLAB     12      3      4
   1.1667   0.5000   1.9723e-03   8.7341e-04  -2.7839e-02   1.4871e-02   6.5855e-03  -1.0495e-01   6.5394e-02   5.8539e-04
   1.1000   0.3000   2.6305e-03   4.9812e-04  -2.6868e-02   1.9834e-02   3.7558e-03  -1.0129e-01   6.5394e-02   5.8539e-04
   1.3000   0.5000   1.1050e-03   5.3613e-04  -2.8276e-02   8.3318e-03   4.0424e-03  -1.0660e-01   6.5394e-02   5.8539e-04
   1.1000   0.7000   2.6150e-03   1.4414e-03  -2.7735e-02   1.9717e-02   1.0868e-02  -1.0456e-01   6.5394e-02   5.8539e-04
El      9     SB3                                   PROP1                                    MAT2              NLSLAB      5      7      6
   2.5000   0.1667   3.3556e-05   4.5049e-05  -2.1567e-02   2.5301e-04   3.3967e-04  -8.1308e-02   1.5920e-01  -1.0873e-01
   2.7000   0.1000  -4.3038e-04  -1.0685e-03  -2.0928e-02  -1.7646e-03  -4.3810e-03  -4.2902e-02   1.5920e-01  -1.0873e-01
   2.5000   0.3000   4.8553e-04   1.2073e-03  -2.1807e-02   3.6609e-03   9.1028e-03  -8.2213e-02   1.5920e-01  -1.0873e-01
   2.3000   0.1000   2.3922e-04  -5.8469e-04  -2.2090e-02   1.8037e-03  -2.3972e-03  -6.1411e-02   1.5920e-01  -1.0873e-01
El     10     SB3                                   PROP1                                    MAT2              NLSLAB      6      7     16
   2.8333   0.5000   2.6035e-03   1.3424e-03  -1.6736e-02   1.9630e-02   1.0122e-02  -6.3094e-02   2.0656e-02   1.2643e-02
   2.9000   0.3000   2.5657e-03   2.3030e-03  -1.5796e-02   1.9345e-02   1.7365e-02  -5.9550e-02   2.0656e-02   1.2643e-02
   2.9000   0.7000   2.2303e-03   3.2089e-04  -1.6070e-02   1.6817e-02   2.4195e-03  -6.0583e-02   2.0656e-02   1.2643e-02
   2.7000   0.5000   2.8774e-03   1.4489e-03  -1.7244e-02   2.1696e-02   1.0925e-02  -6.5010e-02   2.0656e-02   1.2643e-02
El     11     SB3                                   PROP1                                    MAT2              NLSLAB     16     14      6
   2.5000   0.8333   4.0404e-03   2.4909e-03  -2.0781e-02   3.0465e-02   1.8781e-02  -7.8346e-02  -3.2593e-02  -9.3052e-02
   2.3000   0.9000   3.1404e-03   2.9842e-03  -2.1782e-02   2.3678e-02   2.2501e-02  -8.2119e-02  -3.2593e-02  -9.3052e-02
   2.5000   0.7000   3.5605e-03   1.2568e-03  -2.0820e-02   2.6846e-02   9.4760e-03  -7.8491e-02  -3.2593e-02  -9.3052e-02
   2.7000   0.9000   5.2147e-03   3.8487e-03  -2.0548e-02   3.9319e-02   2.9019e-02  -7.7467e-02  -3.2593e-02  -9.3052e-02
El     12     SB3                                   PROP1                                    MAT2              NLSLAB     14      5      6
   2.1667   0.5000   1.4830e-03   1.1810e-03  -2.3674e-02   1.1182e-02   8.9050e-03  -8.9253e-02   2.6077e-02  -1.5442e-02
   2.1000   0.3000   1.5376e-03   1.1403e-03  -2.3778e-02   1.1593e-02   8.5976e-03  -8.9642e-02   2.6077e-02  -1.5442e-02
   2.3000   0.5000   1.1371e-03   1.0465e-03  -2.3290e-02   8.5740e-03   7.8910e-03  -8.7802e-02   2.6077e-02  -1.5442e-02
   2.1000   0.7000   1.9472e-03   1.2987e-03  -2.4123e-02   1.4682e-02   9.7919e-03  -9.0946e-02   2.6077e-02  -1.5442e-02
El     13     SB3                                   PROP1                                    MAT2              NLSLAB      7      9      8
   3.5000   0.1667   6.3564e-04  -5.3531e-04  -8.1666e-03   4.7927e-03  -2.1821e-03  -2.6079e-02   5.7159e-02  -1.3994e-01
   3.7000   0.1000   9.9092e-05  -2.6286e-03  -6.8052e-03   7.4716e-04  -1.0777e-02  -1.8918e-02   5.7159e-02  -1.3994e-01
   3.5000   0.3000   1.6019e-03   1.9494e-03  -8.4456e-03   1.2079e-02   1.4699e-02  -3.1840e-02   5.7159e-02  -1.3994e-01
   3.3000   0.1000   6.2002e-04  -2.1691e-03  -9.2899e-03   4.6750e-03  -8.8933e-03  -2.5826e-02   5.7159e-02  -1.3994e-01
El     14     SB3                                   PROP1                                    MAT2              NLSLAB      8      9     18
   3.8333   0.5000   4.0620e-03   5.2062e-04  -2.4017e-03   3.0627e-02   3.9255e-03  -9.0545e-03   3.0127e-02   4.3899e-03
   3.9000   0.3000   3.9547e-03   2.0888e-03  -7.6340e-04   2.9819e-02   1.5749e-02  -2.8780e-03   3.0127e-02   4.3899e-03
   3.9000   0.7000   3.5464e-03  -1.1398e-03  -1.1786e-03   2.6740e-02  -4.6641e-03  -3.9722e-03   3.0127e-02   4.3899e-03
   3.7000   0.5000   4.4771e-03   6.8208e-04  -3.3830e-03   3.3758e-02   5.1429e-03  -1.2754e-02   3.0127e-02   4.3899e-03
El     15     SB3                                   PROP1                                    MAT2              NLSLAB     18     16      8
   3.5000   0.8333   7.5387e-03   2.2787e-03  -9.3180e-03   5.6842e-02   1.7181e-02  -3.5129e-02  -2.8923e-02  -1.6185e-01
   3.3000   0.9000   6.9527e-03   3.5050e-03  -1.0625e-02   5.2424e-02   2.6428e-02  -4.0058e-02  -2.8923e-02  -1.6185e-01
   3.5000   0.7000   6.7039e-03   1.3209e-04  -9.4375e-03   5.0548e-02   9.9599e-04  -3.5579e-02  -2.8923e-02  -1.6185e-01
   3.7000   0.9000   8.6017e-03   4.2722e-03  -8.4788e-03   6.4857e-02   3.2213e-02  -3.1965e-02  -2.8923e-02  -1.6185e-01
El     16     SB3                                   PROP1                                    MAT2              NLSLAB     16      7      8
   3.1667   0.5000   4.0537e-03   1.2815e-03  -1.3773e-02   3.0565e-02   9.6622e-03  -5.1924e-02   5.8082e-03   8.3014e-03
   3.1000   0.3000   4.2216e-03   2.3387e-03  -1.4704e-02   3.1831e-02   1.7634e-02  -5.5433e-02   5.8082e-03   8.3014e-03
   3.3000   0.5000   3.9767e-03   1.2515e-03  -1.3085e-02   2.9984e-02   9.4363e-03  -4.9332e-02   5.8082e-03   8.3014e-03
   3.1000   0.7000   4.0014e-03   2.4137e-04  -1.4781e-02   3.0170e-02   1.8199e-03  -5.5723e-02   5.8082e-03   8.3014e-03
El     17     SB3                                   PROP1                                    MAT2              NLSLAB     10     12     11
   0.5000   1.1667   8.7341e-04   1.9723e-03  -2.7839e-02   6.5855e-03   1.4871e-02  -1.0495e-01   5.8539e-04   6.5394e-02
   0.7000   1.1000   1.4414e-03   2.6150e-03  -2.7735e-02   1.0868e-02   1.9717e-02  -1.0456e-01   5.8539e-04   6.5394e-02
   0.5000   1.3000   5.3613e-04   1.1050e-03  -2.8276e-02   4.0424e-03   8.3318e-03  -1.0660e-01   5.8539e-04   6.5394e-02
   0.3000   1.1000   4.9812e-04   2.6305e-03  -2.6868e-02   3.7558e-03   1.9834e-02  -1.0129e-01   5.8539e-04   6.5394e-02
El     18     SB3                                   PROP1                                    MAT2              NLSLAB     11     12     21
   0.8333   1.5000   2.1193e-03   2.2212e-03  -2.6929e-02   1.5980e-02   1.6748e-02  -1.0152e-01  -1.9305e-02  -1.8636e-02
   0.9000   1.3000   2.0642e-03   1.9080e-03  -2.6997e-02   1.5564e-02   1.4386e-02  -1.0178e-01  -1.9305e-02  -1.8636e-02
   0.9000   1.7000   2.5585e-03   2.5913e-03  -2.6741e-02   1.9291e-02   1.9538e-02  -1.0081e-01  -1.9305e-02  -1.8636e-02
   0.7000   1.5000   1.8633e-03   2.1216e-03  -2.7175e-02   1.4049e-02   1.5997e-02  -1.0245e-01  -1.9305e-02  -1.8636e-02
El     19     SB3                                   PROP1                                    MAT2              NLSLAB     21     19     11
   0.5000   1.8333   1.2916e-03   1.2420e-03  -2.4953e-02   9.7390e-03   9.3646e-03  -9.4073e-02  -1.6900e-02   2.1959e-02
   0.3000   1.9000   1.1994e-03   7.9944e-04  -2.4475e-02   9.0436e-03   6.0278e-03  -9.2272e-02  -1.6900e-02   2.1959e-02
   0.5000   1.7000   1.4049e-03   1.5332e-03  -2.5398e-02   1.0593e-02   1.1560e-02  -9.5750e-02  -1.6900e-02   2.1959e-02
   0.7000   1.9000   1.3192e-03   1.2477e-03  -2.4767e-02   9.9464e-03   9.4077e-03  -9.3370e-02  -1.6900e-02   2.1959e-02
El     20     SB3                                   PROP1                                    MAT2              NLSLAB     19     10     11
   0.1667   1.5000   1.4574e-04   8.9309e-04  -2.7651e-02   1.0989e-03   6.7339e-03  -1.0424e-01  -9.3510e-02   1.5259e-01
   0.1000   1.3000   1.3360e-03   2.4281e-03  -2.7468e-02   1.0074e-02   1.8308e-02  -1.0355e-01  -9.3510e-02   1.5259e-01
   0.3000   1.5000  -1.7429e-04   7.6863e-04  -2.8430e-02  -7.1259e-04   5.7955e-03  -1.0045e-01  -9.3510e-02   1.5259e-01
   0.1000   1.7000  -5.6450e-04  -5.7084e-04  -2.7788e-02  -2.3145e-03  -2.3405e-03  -5.6965e-02  -9.3510e-02   1.5259e-01
El     21     SB3                                   PROP1                                    MAT2              NLSLAB     12     14     13
   1.5000   1.1667   2.3483e-03   2.1249e-03  -2.6398e-02   1.7706e-02   1.6022e-02  -9.9520e-02  -1.9650e-02  -3.5906e-02
   1.7000   1.1000   2.6236e-03   2.0283e-03  -2.6259e-02   1.9782e-02   1.5294e-02  -9.8995e-02  -1.9650e-02  -3.5906e-02
   1.5000   1.3000   2.5335e-03   2.6011e-03  -2.6111e-02   1.9103e-02   1.9612e-02  -9.8437e-02  -1.9650e-02  -3.5906e-02
   1.3000   1.1000   1.9672e-03   1.5071e-03  -2.6735e-02   1.4833e-02   1.1364e-02  -1.0079e-01  -1.9650e-02  -3.5906e-02
El     22     SB3                                   PROP1                                    MAT2              NLSLAB     13     14     23
   1.8333   1.5000   3.6578e-03   3.4344e-03  -2.4297e-02   2.7580e-02   2.5895e-02  -9.1601e-02  -3.5906e-02  -1.0434e-02
   1.9000   1.3000   3.8766e-03   3.2813e-03  -2.4518e-02   2.9229e-02   2.4741e-02  -9.2434e-02  -3.5906e-02  -1.0434e-02
   1.9000   1.7000   4.1533e-03   3.6932e-03  -2.4042e-02   3.1316e-02   2.7847e-02  -9.0639e-02  -3.5906e-02  -1.0434e-02
   1.7000   1.5000   3.1816e-03   3.2492e-03  -2.4422e-02   2.3989e-02   2.4499e-02  -9.2070e-02  -3.5906e-02  -1.0434e-02
El     23     SB3                                   PROP1                                    MAT2              NLSLAB     23     21     13
   1.5000   1.8333   3.4344e-03   3.6578e-03  -2.4297e-02   2.5895e-02   2.7580e-02  -9.1601e-02  -1.0434e-02  -3.5906e-02
   1.3000   1.9000   3.2813e-03   3.8766e-03  -2.4518e-02   2.4741e-02   2.9229e-02  -9.2434e-02  -1.0434e-02  -3.5906e-02
   1.5000   1.7000   3.2492e-03   3.1816e-03  -2.4422e-02   2.4499e-02   2.3989e-02  -9.2070e-02  -1.0434e-02  -3.5906e-02
   1.7000   1.9000   3.6932e-03   4.1533e-03  -2.4042e-02   2.7847e-02   3.1316e-02  -9.0639e-02  -1.0434e-02  -3.5906e-02
El     24     SB3                                   PROP1                                    MAT2              NLSLAB     21     12     13
   1.1667   1.5000   2.1249e-03   2.3483e-03  -2.6398e-02   1.6022e-02   1.7706e-02  -9.9520e-02  -3.5906e-02  -1.9650e-02
   1.1000   1.3000   1.5071e-03   1.9672e-03  -2.6735e-02   1.1364e-02   1.4833e-02  -1.0079e-01  -3.5906e-02  -1.9650e-02
   1.3000   1.5000   2.6011e-03   2.5335e-03  -2.6111e-02   1.9612e-02   1.9103e-02  -9.8437e-02  -3.5906e-02  -1.9650e-02
   1.1000   1.7000   2.0283e-03   2.6236e-03  -2.6259e-02   1.5294e-02   1.9782e-02  -9.8995e-02  -3.5906e-02  -1.9650e-02
El     25     SB3                                   PROP1                                    MAT2              NLSLAB     14     16     15
   2.5000   1.1667   4.4060e-03   2.2885e-03  -2.1481e-02   3.3221e-02   1.7255e-02  -8.0982e-02  -3.5475e-02  -6.5719e-02
   2.7000   1.1000   5.3081e-03   2.1053e-03  -2.0771e-02   4.0023e-02   1.5874e-02  -7.8307e-02  -3.5475e-02  -6.5719e-02
   2.5000   1.3000   4.7449e-03   3.1601e-03  -2.1323e-02   3.5777e-02   2.3827e-02  -8.0388e-02  -3.5475e-02  -6.5719e-02
   2.3000   1.1000   3.3102e-03   1.1643e-03  -2.1643e-02   2.4959e-02   8.7790e-03  -8.1593e-02  -3.5475e-02  -6.5719e-02
El     26     SB3                                   PROP1                                    MAT2              NLSLAB     15     16     25
   2.8333   1.5000   6.6797e-03   2.8087e-03  -1.9222e-02   5.0365e-02   2.1178e-02  -7.2465e-02  -5.5846e-03   4.7793e-03
   2.9000   1.3000   6.7987e-03   3.2601e-03  -1.8879e-02   5.1262e-02   2.4581e-02  -7.1174e-02  -5.5846e-03   4.7793e-03
   2.9000   1.7000   6.6719e-03   2.3739e-03  -1.8805e-02   5.0306e-02   1.7899e-02  -7.0894e-02  -5.5846e-03   4.7793e-03
   2.7000   1.5000   6.6057e-03   2.7799e-03  -1.9475e-02   4.9807e-02   2.0961e-02  -7.3419e-02  -5.5846e-03   4.7793e-03
El     27     SB3                                   PROP1                                    MAT2              NLSLAB     25     23     15
   2.5000   1.8333   6.9080e-03   4.0501e-03  -2.2035e-02   5.2086e-02   3.0538e-02  -8.3072e-02  -4.2416e-02  -6.5719e-02
   2.3000   1.9000   5.6551e-03   4.1413e-03  -2.2970e-02   4.2639e-02   3.1225e-02  -8.6598e-02  -4.2416e-02  -6.5719e-02
   2.5000   1.7000   6.5690e-03   3.1785e-03  -2.2085e-02   4.9531e-02   2.3966e-02  -8.3261e-02  -4.2416e-02  -6.5719e-02
   2.7000   1.9000   8.3546e-03   5.2664e-03  -2.2099e-02   6.2994e-02   3.9709e-02  -8.3312e-02  -4.2416e-02  -6.5719e-02
El     28     SB3                                   PROP1                                    MAT2              NLSLAB     23     14     15
   2.1667   1.5000   4.6342e-03   3.5299e-03  -2.3575e-02   3.4942e-02   2.6615e-02  -8.8879e-02  -5.5846e-03  -1.7542e-02
   2.1000   1.3000   4.3460e-03   3.4100e-03  -2.3902e-02   3.2769e-02   2.5711e-02  -9.0110e-02  -5.5846e-03  -1.7542e-02
   2.3000   1.5000   4.7083e-03   3.5587e-03  -2.3158e-02   3.5501e-02   2.6833e-02  -8.7304e-02  -5.5846e-03  -1.7542e-02
   2.1000   1.7000   4.8113e-03   3.6334e-03  -2.3828e-02   3.6277e-02   2.7395e-02  -8.9830e-02  -5.5846e-03  -1.7542e-02
El     29     SB3                                   PROP1                                    MAT2              NLSLAB     16     18     17
   3.5000   1.1667   8.4514e-03  -6.8108e-04  -1.1277e-02   6.3723e-02  -2.7766e-03  -3.9805e-02   2.1449e-02  -1.7624e-01
   3.7000   1.1000   9.2045e-03  -2.9044e-03  -8.6958e-03   6.9402e-02  -1.1803e-02  -2.8026e-02   2.1449e-02  -1.7624e-01
   3.5000   1.3000   9.6609e-03   2.4292e-03  -1.2011e-02   7.2843e-02   1.8316e-02  -4.5280e-02   2.1449e-02  -1.7624e-01
   3.3000   1.1000   7.0071e-03  -3.1232e-03  -1.1806e-02   5.2834e-02  -1.2699e-02  -3.7386e-02   2.1449e-02  -1.7624e-01
El     30     SB3                                   PROP1                                    MAT2              NLSLAB     17     18     27
   3.8333   1.5000   1.4740e-02   2.0000e-04  -3.3218e-03   1.0417e-01   1.5080e-03  -1.1810e-02   1.8364e-02   1.0119e-02
   3.9000   1.3000   1.4010e-02   2.3465e-03  -6.3245e-04   1.0415e-01   1.7693e-02  -2.4843e-03   1.8364e-02   1.0119e-02
   3.9000   1.7000   1.3371e-02  -2.2575e-03  -2.0321e-03   1.0082e-01  -9.1828e-03  -6.6181e-03   1.8364e-02   1.0119e-02
   3.7000   1.5000   1.6140e-02   7.4432e-04  -4.6576e-03   1.0409e-01   5.6122e-03  -1.5965e-02   1.8364e-02   1.0119e-02
El     31     SB3                                   PROP1                                    MAT2              NLSLAB     27     25     17
   3.5000   1.8333   1.6897e-02   3.4597e-03  -1.3832e-02   1.0418e-01   2.6086e-02  -4.1668e-02  -1.9919e-02  -1.8758e-01
   3.3000   1.9000   1.2581e-02   2.7608e-03  -1.6122e-02   9.4859e-02   2.0817e-02  -6.0779e-02  -1.9919e-02  -1.8758e-01
   3.5000   1.7000   1.6205e-02   1.6800e-03  -1.4339e-02   1.0435e-01   1.2667e-02  -4.6203e-02  -1.9919e-02  -1.8758e-01
   3.7000   1.9000   2.1608e-02   6.8282e-03  -1.4342e-02   1.0392e-01   5.1484e-02  -3.2716e-02  -1.9919e-02  -1.8758e-01
El     32     SB3                                   PROP1                                    MAT2              NLSLAB     25     16     17
   3.1667   1.5000   1.0377e-02   2.8096e-03  -1.7646e-02   7.8242e-02   2.1184e-02  -6.6525e-02   5.2140e-03   5.6749e-04
   3.1000   1.3000   1.0436e-02   3.3162e-03  -1.8152e-02   7.8690e-02   2.5004e-02  -6.8434e-02   5.2140e-03   5.6749e-04
   3.3000   1.5000   1.0308e-02   2.7827e-03  -1.7219e-02   7.7720e-02   2.0982e-02  -6.4916e-02   5.2140e-03   5.6749e-04
   3.1000   1.7000   1.0421e-02   2.3183e-03  -1.8221e-02   7.8576e-02   1.7480e-02  -6.8695e-02   5.2140e-03   5.6749e-04
El     33     SB3                                   PROP1                                    MAT2              NLSLAB     19     21     20
   0.5000   2.1667   1.1810e-03   1.4830e-03  -2.3674e-02   8.9050e-03   1.1182e-02  -8.9253e-02  -1.5442e-02   2.6077e-02
   0.7000   2.1000   1.2987e-03   1.9472e-03  -2.4123e-02   9.7919e-03   1.4682e-02  -9.0946e-02  -1.5442e-02   2.6077e-02
   0.5000   2.3000   1.0465e-03   1.1371e-03  -2.3290e-02   7.8910e-03   8.5740e-03  -8.7802e-02  -1.5442e-02   2.6077e-02
   0.3000   2.1000   1.1403e-03   1.5376e-03  -2.3778e-02   8.5976e-03   1.1593e-02  -8.9642e-02  -1.5442e-02   2.6077e-02
El     34     SB3                                   PROP1                                    MAT2              NLSLAB     20     21     30
   0.8333   2.5000   2.4909e-03   4.0404e-03  -2.0781e-02   1.8781e-02   3.0465e-02  -7.8346e-02  -9.3052e-02  -3.2593e-02
   0.9000   2.3000   2.9842e-03   3.1404e-03  -2.1782e-02   2.2501e-02   2.3678e-02  -8.2119e-02  -9.3052e-02  -3.2593e-02
   0.9000   2.7000   3.8487e-03   5.2147e-03  -2.0548e-02   2.9019e-02   3.9319e-02  -7.7467e-02  -9.3052e-02  -3.2593e-02
   0.7000   2.5000   1.2568e-03   3.5605e-03  -2.0820e-02   9.4760e-03   2.6846e-02  -7.8491e-02  -9.3052e-02  -3.2593e-02
El     35     SB3                                   PROP1                                    MAT2              NLSLAB     30     28     20
   0.5000   2.8333   1.3424e-03   2.6035e-03  -1.6736e-02   1.0122e-02   1.9630e-02  -6.3094e-02   1.2643e-02   2.0656e-02
   0.3000   2.9000   2.3030e-03   2.5657e-03  -1.5796e-02   1.7365e-02   1.9345e-02  -5.9550e-02   1.2643e-02   2.0656e-02
   0.5000   2.7000   1.4489e-03   2.8774e-03  -1.7244e-02   1.0925e-02   2.1696e-02  -6.5010e-02   1.2643e-02   2.0656e-02
   0.7000   2.9000   3.2089e-04   2.2303e-03  -1.6070e-02   2.4195e-03   1.6817e-02  -6.0583e-02   1.2643e-02   2.0656e-02
El     36     SB3                                   PROP1                                    MAT2              NLSLAB     28     19     20
   0.1667   2.5000   4.5049e-05   3.3556e-05  -2.1567e-02   3.3967e-04   2.5301e-04  -8.1308e-02  -1.0873e-01   1.5920e-01
   0.1000   2.3000  -5.8469e-04   2.3922e-04  -2.2090e-02  -2.3972e-03   1.8037e-03  -6.1411e-02  -1.0873e-01   1.5920e-01
   0.3000   2.5000   1.2073e-03   4.8553e-04  -2.1807e-02   9.1028e-03   3.6609e-03  -8.2213e-02  -1.0873e-01   1.5920e-01
   0.1000   2.7000  -1.0685e-03  -4.3038e-04  -2.0928e-02  -4.3810e-03  -1.7646e-03  -4.2902e-02  -1.0873e-01   1.5920e-01
El     37     SB3                                   PROP1                                    MAT2              NLSLAB     21     23     22
   1.5000   2.1667   3.5299e-03   4.6342e-03  -2.3575e-02   2.6615e-02   3.4942e-02  -8.8879e-02  -1.7542e-02  -5.5846e-03
   1.7000   2.1000   3.6334e-03   4.8113e-03  -2.3828e-02   2.7395e-02   3.6277e-02  -8.9830e-02  -1.7542e-02  -5.5846e-03
   1.5000   2.3000   3.5587e-03   4.7083e-03  -2.3158e-02   2.6833e-02   3.5501e-02  -8.7304e-02  -1.7542e-02  -5.5846e-03
   1.3000   2.1000   3.4100e-03   4.3460e-03  -2.3902e-02   2.5711e-02   3.2769e-02  -9.0110e-02  -1.7542e-02  -5.5846e-03
El     38     SB3                                   PROP1                                    MAT2              NLSLAB     22     23     32
   1.8333   2.5000   4.0501e-03   6.9080e-03  -2.2035e-02   3.0538e-02   5.2086e-02  -8.3072e-02  -6.5719e-02  -4.2416e-02
   1.9000   2.3000   4.1413e-03   5.6551e-03  -2.2970e-02   3.1225e-02   4.2639e-02  -8.6598e-02  -6.5719e-02  -4.2416e-02
   1.9000   2.7000   5.2664e-03   8.3546e-03  -2.2099e-02   3.9709e-02   6.2994e-02  -8.3312e-02  -6.5719e-02  -4.2416e-02
   1.7000   2.5000   3.1785e-03   6.5690e-03  -2.2085e-02   2.3966e-02   4.9531e-02  -8.3261e-02  -6.5719e-02  -4.2416e-02
El     39     SB3                                   PROP1                                    MAT2              NLSLAB     32     30     22
   1.5000   2.8333   2.8087e-03   6.6797e-03  -1.9222e-02   2.1178e-02   5.0365e-02  -7.2465e-02   4.7793e-03  -5.5846e-03
   1.3000   2.9000   3.2601e-03   6.7987e-03  -1.8879e-02   2.4581e-02   5.1262e-02  -7.1174e-02   4.7793e-03  -5.5846e-03
   1.5000   2.7000   2.7799e-03   6.6057e-03  -1.9475e-02   2.0961e-02   4.9807e-02  -7.3419e-02   4.7793e-03  -5.5846e-03
   1.7000   2.9000   2.3739e-03   6.6719e-03  -1.8805e-02   1.7899e-02   5.0306e-02  -7.0894e-02   4.7793e-03  -5.5846e-03
El     40     SB3                                   PROP1                                    MAT2              NLSLAB     30     21     22
   1.1667   2.5000   2.2885e-03   4.4060e-03  -2.1481e-02   1.7255e-02   3.3221e-02  -8.0982e-02  -6.5719e-02  -3.5475e-02
   1.1000   2.3000   1.1643e-03   3.3102e-03  -2.1643e-02   8.7790e-03   2.4959e-02  -8.1593e-02  -6.5719e-02  -3.5475e-02
   1.3000   2.5000   3.1601e-03   4.7449e-03  -2.1323e-02   2.3827e-02   3.5777e-02  -8.0388e-02  -6.5719e-02  -3.5475e-02
   1.1000   2.7000   2.1053e-03   5.3081e-03  -2.0771e-02   1.5874e-02   4.0023e-02  -7.8307e-02  -6.5719e-02  -3.5475e-02
El     41     SB3                                   PROP1                                    MAT2              NLSLAB     23     25     24
   2.5000   2.1667   7.0811e-03   5.9508e-03  -2.2512e-02   5.3392e-02   4.4869e-02  -8.4872e-02  -5.2034e-02  -9.4631e-03
   2.7000   2.1000   8.2893e-03   6.5468e-03  -2.2319e-02   6.2502e-02   4.9363e-02  -8.4141e-02  -5.2034e-02  -9.4631e-03
   2.5000   2.3000   7.1299e-03   6.0763e-03  -2.2065e-02   5.3760e-02   4.5815e-02  -8.3186e-02  -5.2034e-02  -9.4631e-03
   2.3000   2.1000   5.8450e-03   5.1666e-03  -2.2444e-02   4.4071e-02   3.8956e-02  -8.4614e-02  -5.2034e-02  -9.4631e-03
El     42     SB3                                   PROP1                                    MAT2              NLSLAB     24     25     34
   2.8333   2.5000   7.7905e-03   6.6602e-03  -2.2659e-02   5.8740e-02   5.0218e-02  -8.5424e-02  -9.4631e-03  -1.4059e-02
   2.9000   2.3000   7.6982e-03   5.9556e-03  -2.3188e-02   5.8044e-02   4.4905e-02  -8.7420e-02  -9.4631e-03  -1.4059e-02
   2.9000   2.7000   8.0711e-03   7.3927e-03  -2.3063e-02   6.0856e-02   5.5741e-02  -8.6947e-02  -9.4631e-03  -1.4059e-02
   2.7000   2.5000   7.6650e-03   6.6114e-03  -2.2434e-02   5.7794e-02   4.9850e-02  -8.4578e-02  -9.4631e-03  -1.4059e-02
El     43     SB3                                   PROP1                                    MAT2              NLSLAB     34     32     24
   2.5000   2.8333   6.6602e-03   7.7905e-03  -2.2659e-02   5.0218e-02   5.8740e-02  -8.5424e-02  -1.4059e-02  -9.4631e-03
   2.3000   2.9000   5.9556e-03   7.6982e-03  -2.3188e-02   4.4905e-02   5.8044e-02  -8.7420e-02  -1.4059e-02  -9.4631e-03
   2.5000   2.7000   6.6114e-03   7.6650e-03  -2.2434e-02   4.9850e-02   5.7794e-02  -8.4578e-02  -1.4059e-02  -9.4631e-03
   2.7000   2.9000   7.3927e-03   8.0711e-03  -2.3063e-02   5.5741e-02   6.0856e-02  -8.6947e-02  -1.4059e-02  -9.4631e-03
El     44     SB3                                   PROP1                                    MAT2              NLSLAB     32     23     24
   2.1667   2.5000   5.9508e-03   7.0811e-03  -2.2512e-02   4.4869e-02   5.3392e-02  -8.4872e-02  -9.4631e-03  -5.2034e-02
   2.1000   2.3000   5.1666e-03   5.8450e-03  -2.2444e-02   3.8956e-02   4.4071e-02  -8.4614e-02  -9.4631e-03  -5.2034e-02
   2.3000   2.5000   6.0763e-03   7.1299e-03  -2.2065e-02   4.5815e-02   5.3760e-02  -8.3186e-02  -9.4631e-03  -5.2034e-02
   2.1000   2.7000   6.5468e-03   8.2893e-03  -2.2319e-02   4.9363e-02   6.2502e-02  -8.4141e-02  -9.4631e-03  -5.2034e-02
El     45     SB3                                   PROP1                                    MAT2              NLSLAB     25     27     26
   3.5000   2.1667   1.7736e-02   8.2182e-04  -2.1304e-02   1.0478e-01   6.1965e-03  -5.8085e-02   9.6206e-03  -2.4828e-01
   3.7000   2.1000   2.2740e-02  -2.6328e-04  -1.5983e-02   1.0450e-01  -9.8321e-04  -3.5143e-02   9.6206e-03  -2.4828e-01
   3.5000   2.3000   1.8923e-02   3.8748e-03  -2.3376e-02   1.0533e-01   2.9216e-02  -5.8342e-02   9.6206e-03  -2.4828e-01
   3.3000   2.1000   1.2054e-02  -2.6725e-03  -1.9036e-02   9.0885e-02  -1.0957e-02  -6.4081e-02   9.6206e-03  -2.4828e-01
El     46     SB3                                   PROP1                                    MAT2              NLSLAB     26     27     36
   3.8333   2.5000   3.3460e-02   2.6953e-03  -5.6556e-03   1.0274e-01   2.0322e-02  -9.8871e-03   1.2470e-02   5.7287e-02
   3.9000   2.3000   3.1854e-02   5.4443e-03  -1.3099e-03   1.0498e-01   4.1050e-02  -2.8663e-03   1.2470e-02   5.7287e-02
   3.9000   2.7000   3.1763e-02  -5.4298e-04  -3.5116e-03   1.0614e-01  -1.9948e-03  -6.2141e-03   1.2470e-02   5.7287e-02
   3.7000   2.5000   3.5662e-02   3.5515e-03  -8.2149e-03   1.0638e-01   2.6778e-02  -1.4605e-02   1.2470e-02   5.7287e-02
El     47     SB3                                   PROP1                                    MAT2              NLSLAB     36     34     26
   3.5000   2.8333   2.8573e-02   8.1732e-03  -1.9972e-02   1.0626e-01   6.1626e-02  -4.1013e-02   7.6274e-02  -2.2827e-01
   3.3000   2.9000   1.3972e-02   2.7142e-03  -2.5167e-02   1.0428e-01   2.0465e-02  -9.2207e-02   7.6274e-02  -2.2827e-01
   3.5000   2.7000   2.7848e-02   6.3085e-03  -2.2048e-02   1.0435e-01   4.7566e-02  -4.5335e-02   7.6274e-02  -2.2827e-01
   3.7000   2.9000   4.3589e-02   1.6429e-02  -2.3302e-02   1.0623e-01   1.0469e-01  -3.0920e-02   7.6274e-02  -2.2827e-01
El     48     SB3                                   PROP1                                    MAT2              NLSLAB     34     25     26
   3.1667   2.5000   1.2643e-02   6.5060e-03  -2.5030e-02   9.5329e-02   4.9056e-02  -9.4364e-02   7.6411e-02  -1.5204e-03
   3.1000   2.3000   1.3383e-02   5.7338e-03  -2.3576e-02   1.0091e-01   4.3233e-02  -8.8883e-02   7.6411e-02  -1.5204e-03
   3.3000   2.5000   1.1630e-02   6.1119e-03  -2.5772e-02   8.7688e-02   4.6084e-02  -9.7161e-02   7.6411e-02  -1.5204e-03
   3.1000   2.7000   1.3423e-02   7.5035e-03  -2.4590e-02   1.0121e-01   5.6576e-02  -9.2703e-02   7.6411e-02  -1.5204e-03
El     49     SB3                                   PROP1                                    MAT2              NLSLAB     28     30     29
   0.5000   3.1667   1.2815e-03   4.0537e-03  -1.3773e-02   9.6622e-03   3.0565e-02  -5.1924e-02   8.3014e-03   5.8082e-03
   0.7000   3.1000   2.4137e-04   4.0014e-03  -1.4781e-02   1.8199e-03   3.0170e-02  -5.5723e-02   8.3014e-03   5.8082e-03
   0.5000   3.3000   1.2515e-03   3.9767e-03  -1.3085e-02   9.4363e-03   2.9984e-02  -4.9332e-02   8.3014e-03   5.8082e-03
   0.3000   3.1000   2.3387e-03   4.2216e-03  -1.4704e-02   1.7634e-02   3.1831e-02  -5.5433e-02   8.3014e-03   5.8082e-03
El     50     SB3                                   PROP1                                    MAT2              NLSLAB     29     30     38
   0.8333   3.5000   2.2787e-03   7.5387e-03  -9.3180e-03   1.7181e-02   5.6842e-02  -3.5129e-02  -1.6185e-01  -2.8923e-02
   0.9000   3.3000   3.5050e-03   6.9527e-03  -1.0625e-02   2.6428e-02   5.2424e-02  -4.0058e-02  -1.6185e-01  -2.8923e-02
   0.9000   3.7000   4.2722e-03   8.6017e-03  -8.4788e-03   3.2213e-02   6.4857e-02  -3.1965e-02  -1.6185e-01  -2.8923e-02
   0.7000   3.5000   1.3209e-04   6.7039e-03  -9.4375e-03   9.9599e-04   5.0548e-02  -3.5579e-02  -1.6185e-01  -2.8923e-02
El     51     SB3                                   PROP1                                    MAT2              NLSLAB     38     37     29
   0.5000   3.8333   5.2062e-04   4.0620e-03  -2.4017e-03   3.9255e-03   3.0627e-02  -9.0545e-03   4.3899e-03   3.0127e-02
   0.3000   3.9000   2.0888e-03   3.9547e-03  -7.6340e-04   1.5749e-02   2.9819e-02  -2.8780e-03   4.3899e-03   3.0127e-02
   0.5000   3.7000   6.8208e-04   4.4771e-03  -3.3830e-03   5.1429e-03   3.3758e-02  -1.2754e-02   4.3899e-03   3.0127e-02
   0.7000   3.9000  -1.1398e-03   3.5464e-03  -1.1786e-03  -4.6641e-03   2.6740e-02  -3.9722e-03   4.3899e-03   3.0127e-02
El     52     SB3                                   PROP1                                    MAT2              NLSLAB     37     28     29
   0.1667   3.5000  -5.3531e-04   6.3564e-04  -8.1666e-03  -2.1821e-03   4.7927e-03  -2.6079e-02  -1.3994e-01   5.7159e-02
   0.1000   3.3000  -2.1691e-03   6.2002e-04  -9.2899e-03  -8.8933e-03   4.6750e-03  -2.5826e-02  -1.3994e-01   5.7159e-02
   0.3000   3.5000   1.9494e-03   1.6019e-03  -8.4456e-03   1.4699e-02   1.2079e-02  -3.1840e-02  -1.3994e-01   5.7159e-02
   0.1000   3.7000  -2.6286e-03   9.9092e-05  -6.8052e-03  -1.0777e-02   7.4716e-04  -1.8918e-02  -1.3994e-01   5.7159e-02
El     53     SB3                                   PROP1                                    MAT2              NLSLAB     30     32     31
   1.5000   3.1667   2.8096e-03   1.0377e-02  -1.7646e-02   2.1184e-02   7.8242e-02  -6.6525e-02   5.6749e-04   5.2140e-03
   1.7000   3.1000   2.3183e-03   1.0421e-02  -1.8221e-02   1.7480e-02   7.8576e-02  -6.8695e-02   5.6749e-04   5.2140e-03
   1.5000   3.3000   2.7827e-03   1.0308e-02  -1.7219e-02   2.0982e-02   7.7720e-02  -6.4916e-02   5.6749e-04   5.2140e-03
   1.3000   3.1000   3.3162e-03   1.0436e-02  -1.8152e-02   2.5004e-02   7.8690e-02  -6.8434e-02   5.6749e-04   5.2140e-03
El     54     SB3                                   PROP1                                    MAT2              NLSLAB     31     32     39
   1.8333   3.5000   3.4597e-03   1.6897e-02  -1.3832e-02   2.6086e-02   1.0418e-01  -4.1668e-02  -1.8758e-01  -1.9919e-02
   1.9000   3.3000   2.7608e-03   1.2581e-02  -1.6122e-02   2.0817e-02   9.4859e-02  -6.0779e-02  -1.8758e-01  -1.9919e-02
   1.9000   3.7000   6.8282e-03   2.1608e-02  -1.4342e-02   5.1484e-02   1.0392e-01  -3.2716e-02  -1.8758e-01  -1.9919e-02
   1.7000   3.5000   1.6800e-03   1.6205e-02  -1.4339e-02   1.2667e-02   1.0435e-01  -4.6203e-02  -1.8758e-01  -1.9919e-02
El     55     SB3                                   PROP1                                    MAT2              NLSLAB     39     38     31
   1.5000   3.8333   2.0000e-04   1.4740e-02  -3.3218e-03   1.5080e-03   1.0417e-01  -1.1810e-02   1.0119e-02   1.8364e-02
   1.3000   3.9000   2.3465e-03   1.4010e-02  -6.3245e-04   1.7693e-02   1.0415e-01  -2.4843e-03   1.0119e-02   1.8364e-02
   1.5000   3.7000   7.4432e-04   1.6140e-02  -4.6576e-03   5.6122e-03   1.0409e-01  -1.5965e-02   1.0119e-02   1.8364e-02
   1.7000   3.9000  -2.2575e-03   1.3371e-02  -2.0321e-03  -9.1828e-03   1.0082e-01  -6.6181e-03   1.0119e-02   1.8364e-02
El     56     SB3                                   PROP1                                    MAT2              NLSLAB     38     30     31
   1.1667   3.5000  -6.8108e-04   8.4514e-03  -1.1277e-02  -2.7766e-03   6.3723e-02  -3.9805e-02  -1.7624e-01   2.1449e-02
   1.1000   3.3000  -3.1232e-03   7.0071e-03  -1.1806e-02  -1.2699e-02   5.2834e-02  -3.7386e-02  -1.7624e-01   2.1449e-02
   1.3000   3.5000   2.4292e-03   9.6609e-03  -1.2011e-02   1.8316e-02   7.2843e-02  -4.5280e-02  -1.7624e-01   2.1449e-02
   1.1000   3.7000  -2.9044e-03   9.2045e-03  -8.6958e-03  -1.1803e-02   6.9402e-02  -2.8026e-02  -1.7624e-01   2.1449e-02
El     57     SB3                                   PROP1                                    MAT2              NLSLAB     32     34     33
   2.5000   3.1667   6.5060e-03   1.2643e-02  -2.5030e-02   4.9056e-02   9.5329e-02  -9.4364e-02  -1.5204e-03   7.6411e-02
   2.7000   3.1000   7.5035e-03   1.3423e-02  -2.4590e-02   5.6576e-02   1.0121e-01  -9.2703e-02  -1.5204e-03   7.6411e-02
   2.5000   3.3000   6.1119e-03   1.1630e-02  -2.5772e-02   4.6084e-02   8.7688e-02  -9.7161e-02  -1.5204e-03   7.6411e-02
   2.3000   3.1000   5.7338e-03   1.3383e-02  -2.3576e-02   4.3233e-02   1.0091e-01  -8.8883e-02  -1.5204e-03   7.6411e-02
El     58     SB3                                   PROP1                                    MAT2              NLSLAB     33     34     40
   2.8333   3.5000   8.1732e-03   2.8573e-02  -1.9972e-02   6.1626e-02   1.0626e-01  -4.1013e-02  -2.2827e-01   7.6274e-02
   2.9000   3.3000   2.7142e-03   1.3972e-02  -2.5167e-02   2.0465e-02   1.0428e-01  -9.2207e-02  -2.2827e-01   7.6274e-02
   2.9000   3.7000   1.6429e-02   4.3589e-02  -2.3302e-02   1.0469e-01   1.0623e-01  -3.0920e-02  -2.2827e-01   7.6274e-02
   2.7000   3.5000   6.3085e-03   2.7848e-02  -2.2048e-02   4.7566e-02   1.0435e-01  -4.5335e-02  -2.2827e-01   7.6274e-02
El     59     SB3                                   PROP1                                    MAT2              NLSLAB     40     39     33
   2.5000   3.8333   2.6953e-03   3.3460e-02  -5.6556e-03   2.0322e-02   1.0274e-01  -9.8871e-03   5.7287e-02   1.2470e-02
   2.3000   3.9000   5.4443e-03   3.1854e-02  -1.3099e-03   4.1050e-02   1.0498e-01  -2.8663e-03   5.7287e-02   1.2470e-02
   2.5000   3.7000   3.5515e-03   3.5662e-02  -8.2149e-03   2.6778e-02   1.0638e-01  -1.4605e-02   5.7287e-02   1.2470e-02
   2.7000   3.9000  -5.4298e-04   3.1763e-02  -3.5116e-03  -1.9948e-03   1.0614e-01  -6.2141e-03   5.7287e-02   1.2470e-02
El     60     SB3                                   PROP1                                    MAT2              NLSLAB     39     32     33
   2.1667   3.5000   8.2182e-04   1.7736e-02  -2.1304e-02   6.1965e-03   1.0478e-01  -5.8085e-02  -2.4828e-01   9.6206e-03
   2.1000   3.3000  -2.6725e-03   1.2054e-02  -1.9036e-02  -1.0957e-02   9.0885e-02  -6.4081e-02  -2.4828e-01   9.6206e-03
   2.3000   3.5000   3.8748e-03   1.8923e-02  -2.3376e-02   2.9216e-02   1.0533e-01  -5.8342e-02  -2.4828e-01   9.6206e-03
   2.1000   3.7000  -2.6328e-04   2.2740e-02  -1.5983e-02  -9.8321e-04   1.0450e-01  -3.5143e-02  -2.4828e-01   9.6206e-03
El     61     SB3                                   PROP1                                    MAT2              NLSLAB     34     36     35
   3.5000   3.1667   2.8589e-02   5.5950e-03  -3.7018e-02   1.0544e-01   4.2186e-02  -6.4561e-02  -3.8257e-02  -4.1392e-02
   3.7000   3.1000   4.5212e-02   1.2165e-02  -2.8970e-02   1.0724e-01   9.1723e-02  -3.9195e-02  -3.8257e-02  -4.1392e-02
   3.5000   3.3000   2.7900e-02   3.8223e-03  -3.9973e-02   1.0495e-01   2.8820e-02  -7.0233e-02  -3.8257e-02  -4.1392e-02
   3.3000   3.1000   1.2361e-02   1.6841e-03  -2.7197e-02   9.3201e-02   1.2698e-02  -1.0253e-01  -3.8257e-02  -4.1392e-02
El     62     SB3                                   PROP1                                    MAT2              NLSLAB     35     36     41
   3.8333   3.5000   6.4201e-02   3.3480e-02  -1.8813e-02   1.0857e-01   1.0506e-01  -9.7506e-03  -1.1861e-01  -4.9225e-01
   3.9000   3.3000   7.1913e-02   2.7062e-03  -3.6382e-02   1.1099e-01   2.0405e-02  -2.9555e-02  -1.1861e-01  -4.9225e-01
   3.9000   3.7000   1.2059e-01   7.3750e-02   6.3498e-03   1.1941e-01   1.1138e-01  -1.6250e-03  -1.1861e-01  -4.9225e-01
   3.7000   3.5000   2.1470e-02   1.6862e-02  -4.1319e-02   1.0544e-01   1.0456e-01  -6.8556e-02  -1.1861e-01  -4.9225e-01
El     63     SB3                                   PROP1                                    MAT2              NLSLAB     41     40     35
   3.5000   3.8333   3.3480e-02   6.4201e-02  -1.8813e-02   1.0506e-01   1.0857e-01  -9.7506e-03  -4.9225e-01  -1.1861e-01
   3.3000   3.9000   2.7062e-03   7.1913e-02  -3.6382e-02   2.0405e-02   1.1099e-01  -2.9555e-02  -4.9225e-01  -1.1861e-01
   3.5000   3.7000   1.6862e-02   2.1470e-02  -4.1319e-02   1.0456e-01   1.0544e-01  -6.8556e-02  -4.9225e-01  -1.1861e-01
   3.7000   3.9000   7.3750e-02   1.2059e-01   6.3498e-03   1.1138e-01   1.1941e-01  -1.6250e-03  -4.9225e-01  -1.1861e-01
El     64     SB3                                   PROP1                                    MAT2              NLSLAB     40     34     35
